   1  32   1   0  0.1054688E+03  0.2500000E+04
  CAR 
 Ar cube particle                        
   0   0   0
   1   1
 256 256 256
 256
  0.1000000E-09
  0.6250000E-11
   1
  0.2500000E-14  0.1500000E-08  0.1500000E-08  0.1500000E-08
  0.2533754E+04  0.2533754E+04
  0.000
  0.000
  0.000
  0.000
  0.000
  0.000
  0.000
  0.000
  0.000
  0.000
  0.000
  0.000
  0.000
  0.000
  0.000
  0.000
  0.000
  0.000
  0.000
  0.000
  0.000
  0.000
  0.000
  0.000
  0.000
  0.000
  0.000
  0.000
  0.000
  0.000
  0.000
  0.000
  0.000
  0.000
  0.000
  0.000
  0.020
  0.045
  0.098
  0.220
  0.419
  0.896
  1.288
  1.350
  1.420
  1.625
  2.058
  2.385
  2.383
  2.508
  2.649
  2.517
  2.456
  2.545
  2.407
  2.324
  2.284
  2.199
  2.214
  2.138
  1.952
  1.856
  1.812
  1.823
  1.720
  1.512
  1.520
  1.481
  1.565
  1.479
  1.220
  1.131
  1.245
  1.220
  1.199
  1.295
  1.326
  1.152
  1.199
  1.229
  1.161
  1.209
  1.245
  1.164
  1.231
  1.217
  1.260
  1.188
  1.177
  1.222
  1.191
  1.168
  1.196
  1.179
  1.264
  1.333
  1.271
  1.210
  1.151
  1.209
  1.202
  1.093
  1.059
  0.979
  1.014
  1.092
  1.086
  1.099
  1.018
  1.046
  0.998
  0.933
  0.961
  0.987
  0.997
  0.992
  0.992
  0.991
  1.046
  0.995
  0.978
  0.932
  0.945
  0.965
  0.954
  0.935
  0.947
  0.896
  0.871
  0.879
  0.829
  0.850
  0.872
  0.873
  0.887
  0.858
  0.851
  0.812
  0.792
  0.787
  0.787
  0.847
  0.861
  0.818
  0.827
  0.850
  0.834
  0.817
  0.809
  0.861
  0.857
  0.871
  0.857
  0.855
  0.834
  0.847
  0.860
  0.841
  0.859
  0.864
  0.877
  0.875
  0.849
  0.848
  0.803
  0.803
  0.798
  0.798
  0.792
  0.783
  0.803
  0.782
  0.784
  0.805
  0.811
  0.779
  0.777
  0.787
  0.814
  0.811
  0.831
  0.843
  0.810
  0.862
  0.839
  0.804
  0.814
  0.846
  0.821
  0.829
  0.809
  0.813
  0.826
  0.818
  0.833
  0.835
  0.830
  0.864
  0.890
  0.890
  0.888
  0.911
  0.941
  0.956
  0.975
  0.964
  0.954
  0.947
  0.947
  0.932
  0.926
  0.937
  0.907
  0.894
  0.873
  0.880
  0.887
  0.855
  0.883
  0.889
  0.922
  0.903
  0.887
  0.864
  0.850
  0.859
  0.831
  0.855
  0.839
  0.820
  0.823
  0.845
  0.846
  0.826
  0.847
  0.863
  0.909
  0.910
  0.951
  0.955
  0.991
  0.991
  1.001
  1.047
  1.035
  1.038
  1.044
  1.055
  1.069
  1.030
  0.996
  1.022
  1.011
  0.991
  0.993
  1.004
