   1  32   1   0  0.1280000E+03  0.3000000E+04
  CAR 
 Pt cube particle                        
   0   0   0
   1   1
 256 256 256
 256
  0.1000000E-09
  0.6250000E-11
   1
  0.2100000E-14  0.1600000E-08  0.1600000E-08  0.1600000E-08
  0.2863065E+04  0.2863065E+04
  0.000
  0.000
  0.000
  0.000
  0.000
  0.000
  0.000
  0.000
  0.000
  0.000
  0.000
  0.000
  0.000
  0.000
  0.000
  0.000
  0.000
  0.000
  0.000
  0.000
  0.000
  0.000
  0.000
  0.000
  0.000
  0.000
  0.000
  0.000
  0.000
  0.000
  0.000
  0.000
  0.000
  0.019
  0.263
  0.590
  1.967
  3.996
  6.394
  8.952
 10.755
 12.624
 12.943
 13.133
 11.457
 11.073
  9.667
  7.543
  5.802
  4.841
  3.768
  3.654
  3.407
  2.859
  2.602
  2.465
  2.354
  2.407
  2.431
  2.278
  2.257
  2.219
  2.480
  2.514
  2.479
  2.278
  2.022
  2.039
  2.136
  2.375
  2.537
  2.943
  2.988
  3.038
  3.155
  3.345
  3.612
  3.846
  3.877
  3.283
  3.047
  2.897
  2.480
  2.462
  2.246
  2.034
  2.076
  1.985
  1.818
  1.761
  1.683
  1.762
  1.820
  1.633
  1.617
  1.472
  1.478
  1.528
  1.464
  1.453
  1.418
  1.378
  1.292
  1.202
  1.096
  0.949
  0.914
  0.933
  1.059
  1.105
  1.044
  1.028
  0.966
  0.973
  0.964
  1.013
  1.062
  1.053
  0.976
  1.060
  0.867
  0.801
  0.666
  0.559
  0.431
  0.401
  0.365
  0.315
  0.304
  0.324
  0.280
  0.252
  0.189
  0.195
  0.187
  0.180
  0.151
  0.130
  0.119
  0.109
  0.100
  0.107
  0.090
  0.106
  0.133
  0.147
  0.150
  0.174
  0.185
  0.179
  0.201
  0.208
  0.195
  0.196
  0.206
  0.229
  0.223
  0.239
  0.258
  0.313
  0.392
  0.458
  0.523
  0.540
  0.533
  0.519
  0.487
  0.412
  0.418
  0.428
  0.436
  0.459
  0.503
  0.511
  0.516
  0.562
  0.567
  0.501
  0.445
  0.407
  0.420
  0.427
  0.424
  0.442
  0.483
  0.494
  0.500
  0.501
  0.552
  0.579
  0.624
  0.721
  0.793
  0.829
  0.846
  0.907
  0.980
  1.053
  1.009
  0.979
  0.920
  0.926
  0.849
  0.763
  0.719
  0.695
  0.623
  0.601
  0.575
  0.603
  0.609
  0.664
  0.628
  0.642
  0.659
  0.677
  0.722
  0.767
  0.792
  0.838
  0.856
  0.854
  0.892
  1.009
  1.056
  1.182
  1.201
  1.177
  1.223
  1.198
  1.186
  1.153
  1.093
  1.047
  1.067
  1.083
  0.953
  0.865
  0.826
  0.786
  0.732
  0.697
  0.660
  0.689
  0.684
  0.695
  0.723
  0.713
  0.708
  0.790
  0.815
  0.886
  0.965
  0.967
  1.000
  1.006
