Pt cube particle                        
           1
    18.000000    0.000000    0.000000
     0.000000   18.000000    0.000000
     0.000000    0.000000   18.000000
   Zr   O 
  38   1
Direct configuration=     1
   0.72257430  0.57309990  0.50020326
   0.57310093  0.72257403  0.50020304
   0.27768266  0.57328361  0.50008765
   0.42649001  0.72224946  0.50032579
   0.27752107  0.42669729  0.49967158
   0.42669656  0.27752145  0.49967177
   0.72224904  0.42648933  0.50032604
   0.57328263  0.27768254  0.50008798
   0.66896875  0.49995173  0.61818177
   0.33052645  0.49955494  0.61777083
   0.49995230  0.66896893  0.61818181
   0.49955423  0.33052680  0.61777078
   0.64859535  0.64859483  0.60775332
   0.35179083  0.64787838  0.60867190
   0.35095914  0.35095981  0.60785692
   0.64787761  0.35179055  0.60867192
   0.66669582  0.49992260  0.38142030
   0.33324668  0.50023761  0.38106483
   0.49992331  0.66669587  0.38141995
   0.50023715  0.33324678  0.38106528
   0.64822278  0.64822213  0.39408735
   0.35147837  0.64865839  0.39385916
   0.35173155  0.35173198  0.39365192
   0.64865782  0.35147791  0.39385971
   0.57638974  0.57638949  0.70826448
   0.42473085  0.57491493  0.70837530
   0.42323825  0.42323859  0.70830097
   0.57491455  0.42473071  0.70837515
   0.57501197  0.57501134  0.28935832
   0.42501837  0.57524295  0.28921835
   0.42516456  0.42516441  0.28927688
   0.57524302  0.42501779  0.28921884
   0.49988834  0.49988836  0.60266917
   0.42580374  0.42580397  0.49972068
   0.42585642  0.57400848  0.49972903
   0.49998908  0.49998890  0.39412654
   0.57405800  0.57405761  0.49977677
   0.57400827  0.42585608  0.49972915
   0.49766952  0.49766954  0.77199549
Direct configuration=     2
   0.72415822  0.57380128  0.50031168
   0.57379964  0.72413152  0.50025161
   0.27614313  0.57400233  0.50010423
   0.42576131  0.72378345  0.50040625
   0.27600312  0.42598735  0.49969917
   0.42594794  0.27597858  0.49966236
   0.72381112  0.42574645  0.50034397
   0.57407937  0.27615034  0.50007209
   0.67059023  0.49992586  0.61951090
   0.32890650  0.49946230  0.61906590
   0.49996681  0.67055403  0.61952020
   0.49961058  0.32891610  0.61908061
   0.64986391  0.64975876  0.60827742
   0.35050882  0.64912682  0.60918123
   0.34964154  0.34975916  0.60833254
   0.64901791  0.35055322  0.60917922
   0.66855870  0.49989994  0.38019754
   0.33141076  0.50021005  0.37986674
   0.49986620  0.66854099  0.38015678
   0.50016321  0.33141245  0.37984514
   0.64913903  0.64925303  0.39311369
   0.35053053  0.64962196  0.39295830
   0.35079544  0.35072897  0.39271910
   0.64968699  0.35056214  0.39295016
   0.57679628  0.57683269  0.70963754
   0.42431820  0.57544374  0.70972995
   0.42276857  0.42279281  0.70960512
   0.57542468  0.42436354  0.70978703
   0.57562539  0.57551194  0.28796337
   0.42448634  0.57584863  0.28785067
   0.42456511  0.42461191  0.28794718
   0.57577479  0.42441626  0.28781583
   0.49987421  0.49986754  0.60274994
   0.42597220  0.42599762  0.49980754
   0.42605236  0.57382240  0.49977893
   0.49997807  0.49997876  0.39445094
   0.57386872  0.57387042  0.49986742
   0.57381028  0.42605339  0.49978503
   0.49772379  0.49772124  0.77241669
Direct configuration=     3
   0.72890996  0.57590541  0.50063694
   0.57589579  0.72880401  0.50039732
   0.27152457  0.57615848  0.50015395
   0.42357519  0.72838542  0.50064761
   0.27144929  0.42385753  0.49978196
   0.42370210  0.27134997  0.49963413
   0.72849735  0.42351781  0.50039778
   0.57646956  0.27155373  0.50002443
   0.67545468  0.49984827  0.62349828
   0.32404663  0.49918438  0.62295108
   0.50001032  0.67530931  0.62353537
   0.49977962  0.32408402  0.62301009
   0.65366962  0.65325058  0.60984971
   0.34666277  0.65287217  0.61070922
   0.34568877  0.34615719  0.60975939
   0.65243881  0.34684124  0.61070115
   0.67414734  0.49983197  0.37652925
   0.32590300  0.50012737  0.37627244
   0.49969487  0.67407636  0.37636726
   0.49994140  0.32590945  0.37618470
   0.65188779  0.65234574  0.39019272
   0.34768703  0.65251265  0.39025574
   0.34798711  0.34771995  0.38992066
   0.65277452  0.34781483  0.39022152
   0.57801591  0.57816230  0.71375672
   0.42308024  0.57703020  0.71379392
   0.42135952  0.42145546  0.71351754
   0.57695507  0.42326205  0.71402264
   0.57746564  0.57701375  0.28377854
   0.42289025  0.57766566  0.28374762
   0.42276676  0.42295443  0.28395806
   0.57737011  0.42261166  0.28360679
   0.49983179  0.49980509  0.60299227
   0.42647758  0.42657857  0.50006814
   0.42664018  0.57326416  0.49992862
   0.49994506  0.49994835  0.39542413
   0.57330087  0.57330885  0.50013938
   0.57321631  0.42664530  0.49995265
   0.49788662  0.49787635  0.77368028
Direct configuration=     4
   0.73841345  0.58011367  0.50128746
   0.58008810  0.73814898  0.50068875
   0.26228744  0.58047078  0.50025339
   0.41920297  0.73758938  0.50113033
   0.26234162  0.41959788  0.49994754
   0.41921042  0.26209274  0.49957768
   0.73786983  0.41906052  0.50050539
   0.58124995  0.26236052  0.49992910
   0.68518358  0.49969309  0.63147305
   0.31432690  0.49862854  0.63072145
   0.50009734  0.68481987  0.63156573
   0.50011772  0.31441986  0.63086904
   0.66128102  0.66023422  0.61299430
   0.33897069  0.66036285  0.61376519
   0.33778321  0.33895325  0.61261310
   0.65928060  0.33941727  0.61374500
   0.68532461  0.49969603  0.36919268
   0.31488748  0.49996200  0.36908385
   0.49935222  0.68514709  0.36878822
   0.49949778  0.31490345  0.36886382
   0.65738529  0.65853115  0.38435079
   0.34200002  0.65829404  0.38485062
   0.34237044  0.34170190  0.38432377
   0.65894959  0.34232020  0.38476422
   0.58045517  0.58082151  0.72199509
   0.42060432  0.58020311  0.72192186
   0.41854144  0.41878077  0.72134238
   0.58001584  0.42105906  0.72249386
   0.58114615  0.58001737  0.27540887
   0.41969808  0.58129973  0.27554152
   0.41917005  0.41963948  0.27597984
   0.58056075  0.41900245  0.27518871
   0.49974697  0.49968018  0.60347692
   0.42748833  0.42774047  0.50058932
   0.42781582  0.57214768  0.50022800
   0.49987904  0.49988752  0.39737051
   0.57216516  0.57218571  0.50068330
   0.57202836  0.42782912  0.50028791
   0.49821227  0.49818656  0.77620746
Direct configuration=     5
   0.74063573  0.58122124  0.50165122
   0.58121163  0.74030516  0.50091830
   0.26015273  0.58173860  0.50042510
   0.41794814  0.73974417  0.50145730
   0.26017364  0.41835499  0.50013406
   0.41801487  0.25995529  0.49977461
   0.74006984  0.41784981  0.50070829
   0.58256371  0.26025699  0.50000581
   0.68849552  0.49958459  0.63385815
   0.31107072  0.49859404  0.63307058
   0.50013306  0.68808479  0.63390321
   0.50010956  0.31120725  0.63320828
   0.66333668  0.66212077  0.61358566
   0.33690954  0.66232647  0.61428766
   0.33568936  0.33693867  0.61311066
   0.66119959  0.33734439  0.61427853
   0.68899232  0.49967861  0.36697539
   0.31123788  0.49998276  0.36696982
   0.49928779  0.68881045  0.36653514
   0.49948857  0.31121958  0.36669675
   0.65859290  0.65997854  0.38252992
   0.34061205  0.65967599  0.38315125
   0.34104014  0.34025626  0.38245515
   0.66035935  0.34104155  0.38296889
   0.58130547  0.58167300  0.72418201
   0.41970068  0.58126042  0.72404316
   0.41763241  0.41791274  0.72335945
   0.58099455  0.42028838  0.72473660
   0.58222292  0.58091587  0.27346498
   0.41878108  0.58239445  0.27362206
   0.41803981  0.41857444  0.27412304
   0.58157953  0.41792218  0.27330576
   0.49970705  0.49963882  0.60984159
   0.42257126  0.42281185  0.50088166
   0.42291836  0.57706317  0.50049920
   0.49989629  0.49988642  0.39064879
   0.57710025  0.57713201  0.50093964
   0.57691369  0.42293200  0.50046796
   0.49831135  0.49832329  0.77722437
Direct configuration=     6
   0.74168391  0.58174365  0.50182280
   0.58174157  0.74132217  0.50102657
   0.25914584  0.58233660  0.50050609
   0.41735627  0.74076053  0.50161153
   0.25915107  0.41776875  0.50022203
   0.41745096  0.25894711  0.49986749
   0.74110752  0.41727876  0.50080400
   0.58318337  0.25926481  0.50004199
   0.69005767  0.49953342  0.63498314
   0.30953488  0.49857776  0.63417860
   0.50014991  0.68962476  0.63500573
   0.50010571  0.30969195  0.63431164
   0.66430628  0.66301060  0.61386459
   0.33593736  0.66325265  0.61453409
   0.33470176  0.33598846  0.61334534
   0.66210472  0.33636667  0.61453018
   0.69072227  0.49967039  0.36592956
   0.30951647  0.49999255  0.36597270
   0.49925741  0.69053835  0.36547242
   0.49948423  0.30948200  0.36567461
   0.65916249  0.66066124  0.38167107
   0.33995738  0.66032781  0.38234971
   0.34041268  0.33957440  0.38157378
   0.66102429  0.34043845  0.38212208
   0.58170652  0.58207462  0.72521352
   0.41927446  0.58175913  0.72504372
   0.41720364  0.41750331  0.72431085
   0.58145618  0.41992487  0.72579444
   0.58273080  0.58133966  0.27254810
   0.41834856  0.58291080  0.27271670
   0.41750671  0.41807210  0.27324725
   0.58206006  0.41741264  0.27241763
   0.49968821  0.49961931  0.61284363
   0.42025201  0.42048715  0.50101955
   0.42060837  0.57938166  0.50062711
   0.49990443  0.49988590  0.38747835
   0.57942799  0.57946504  0.50106054
   0.57921796  0.42062217  0.50055288
   0.49835808  0.49838779  0.77770401
Direct configuration=     7
   0.74079005  0.58132607  0.50193189
   0.58134572  0.74043833  0.50112510
   0.25999278  0.58198975  0.50061609
   0.41771595  0.73993562  0.50174819
   0.25991735  0.41811051  0.50032988
   0.41789214  0.25979514  0.50005523
   0.74024623  0.41769820  0.50094655
   0.58274918  0.26013110  0.50016446
   0.68905594  0.49950597  0.63390654
   0.31058407  0.49872224  0.63314820
   0.50015163  0.68864289  0.63386763
   0.49998893  0.31074900  0.63323844
   0.66369619  0.66244710  0.61355193
   0.33659445  0.66259828  0.61420482
   0.33540270  0.33654353  0.61307118
   0.66160260  0.33691584  0.61422117
   0.68949584  0.49970653  0.36692886
   0.31070986  0.50004660  0.36699338
   0.49930071  0.68935278  0.36652143
   0.49960899  0.31063581  0.36670763
   0.65851163  0.65996509  0.38176597
   0.34052847  0.65973425  0.38237344
   0.34100979  0.34021057  0.38154229
   0.66034588  0.34103021  0.38210550
   0.58174625  0.58205164  0.72450445
   0.41920403  0.58172968  0.72437358
   0.41725196  0.41754391  0.72363388
   0.58139738  0.41984926  0.72509065
   0.58264421  0.58137147  0.27349930
   0.41838764  0.58285426  0.27364136
   0.41751674  0.41803407  0.27411922
   0.58210174  0.41747423  0.27342340
   0.49969773  0.49961689  0.61259507
   0.41984458  0.42002602  0.50110558
   0.42015300  0.57982681  0.50078050
   0.49991980  0.49990643  0.38679956
   0.57990722  0.57993290  0.50108603
   0.57967425  0.42016062  0.50062118
   0.49831639  0.49839039  0.77766045
Direct configuration=     8
   0.73947199  0.58071033  0.50209275
   0.58076200  0.73913504  0.50127038
   0.26124164  0.58147829  0.50077829
   0.41824632  0.73871924  0.50194971
   0.26104729  0.41861446  0.50048891
   0.41854269  0.26104562  0.50033207
   0.73897621  0.41831670  0.50115676
   0.58210893  0.26140849  0.50034505
   0.68757883  0.49946548  0.63231901
   0.31213117  0.49893529  0.63162881
   0.50015416  0.68719506  0.63218943
   0.49981674  0.31230770  0.63165594
   0.66279658  0.66161618  0.61309090
   0.33756337  0.66163337  0.61371930
   0.33643629  0.33736203  0.61266691
   0.66086219  0.33772563  0.61376551
   0.68768740  0.49975983  0.36840239
   0.31246959  0.50012630  0.36849844
   0.49936457  0.68760457  0.36806825
   0.49979295  0.31233718  0.36823088
   0.65755189  0.65893857  0.38190591
   0.34137057  0.65885900  0.38240844
   0.34189026  0.34114866  0.38149585
   0.65934550  0.34190279  0.38208105
   0.58180482  0.58201774  0.72345890
   0.41910019  0.58168627  0.72338542
   0.41732321  0.41760377  0.72263564
   0.58131067  0.41973778  0.72405286
   0.58251653  0.58141837  0.27490189
   0.41844527  0.58277087  0.27500483
   0.41753151  0.41797799  0.27540501
   0.58216320  0.41756505  0.27490649
   0.49971176  0.49961334  0.61222855
   0.41924380  0.41934604  0.50123244
   0.41948154  0.58048321  0.50100669
   0.49994248  0.49993670  0.38579864
   0.58061389  0.58062279  0.50112360
   0.58034707  0.41948004  0.50072190
   0.49825492  0.49839422  0.77759620
Direct configuration=     9
   0.73683588  0.57947883  0.50241447
   0.57959457  0.73652847  0.50156094
   0.26373937  0.58045538  0.50110269
   0.41930706  0.73628647  0.50235275
   0.26330718  0.41962236  0.50080698
   0.41984378  0.26354658  0.50088574
   0.73643616  0.41955369  0.50157716
   0.58082844  0.26396327  0.50070624
   0.68462460  0.49938452  0.62914397
   0.31522537  0.49936138  0.62859002
   0.50015923  0.68429939  0.62883304
   0.49947235  0.31542510  0.62849094
   0.66099736  0.65995435  0.61216885
   0.33950122  0.65970354  0.61274826
   0.33850348  0.33899902  0.61185837
   0.65938138  0.33934521  0.61285420
   0.68407051  0.49986643  0.37134944
   0.31598904  0.50028571  0.37150856
   0.49949228  0.68410815  0.37116189
   0.50016088  0.31573992  0.37127740
   0.65563240  0.65688554  0.38218579
   0.34305478  0.65710850  0.38247845
   0.34365120  0.34302483  0.38140298
   0.65734476  0.34364797  0.38203216
   0.58192196  0.58194995  0.72136778
   0.41889250  0.58159943  0.72140909
   0.41746572  0.41772349  0.72063916
   0.58113726  0.41951481  0.72197730
   0.58226115  0.58151217  0.27770708
   0.41856053  0.58260411  0.27773176
   0.41756107  0.41786583  0.27797658
   0.58228612  0.41774668  0.27787265
   0.49973982  0.49960623  0.61149551
   0.41804224  0.41798609  0.50148615
   0.41813862  0.58179601  0.50145906
   0.49998783  0.49999724  0.38379679
   0.58202722  0.58200258  0.50119876
   0.58169271  0.41811887  0.50092334
   0.49813199  0.49840188  0.77746771
Direct configuration=    10
   0.73871865  0.58035839  0.50218469
   0.58042837  0.73839014  0.50135341
   0.26195544  0.58118597  0.50087100
   0.41854945  0.73802401  0.50206489
   0.26169312  0.41890250  0.50057981
   0.41891451  0.26176034  0.50049029
   0.73825032  0.41867020  0.50127690
   0.58174299  0.26213859  0.50044827
   0.68673457  0.49944234  0.63141166
   0.31301542  0.49905705  0.63076039
   0.50015561  0.68636754  0.63123025
   0.49971832  0.31319859  0.63075145
   0.66228240  0.66114127  0.61282740
   0.33811717  0.66108187  0.61344180
   0.33702705  0.33782984  0.61243585
   0.66043901  0.33818847  0.61350508
   0.68665377  0.49979030  0.36924459
   0.31347537  0.50017186  0.36935866
   0.49940107  0.68660537  0.36895234
   0.49989810  0.31330961  0.36910151
   0.65700334  0.65835186  0.38198590
   0.34185188  0.65835874  0.38242845
   0.34239349  0.34168483  0.38146931
   0.65877373  0.34240153  0.38206708
   0.58183830  0.58199837  0.72286130
   0.41904084  0.58166145  0.72282063
   0.41736394  0.41763798  0.72206509
   0.58126112  0.41967406  0.72345971
   0.58244355  0.58144518  0.27570355
   0.41847821  0.58272322  0.27578412
   0.41753996  0.41794593  0.27613991
   0.58219832  0.41761696  0.27575415
   0.49971978  0.49961131  0.61201907
   0.41890042  0.41895740  0.50130494
   0.41909776  0.58085838  0.50113597
   0.49995544  0.49995400  0.38522655
   0.58101779  0.58101711  0.50114508
   0.58073162  0.41909105  0.50077947
   0.49821979  0.49839641  0.77755948
Direct configuration=    11
   0.73862268  0.58029685  0.50243804
   0.58041242  0.73832095  0.50154760
   0.26201943  0.58126459  0.50104429
   0.41850113  0.73798031  0.50231505
   0.26173941  0.41883455  0.50074254
   0.41894720  0.26183985  0.50078263
   0.73817972  0.41866210  0.50150094
   0.58174044  0.26220253  0.50065120
   0.68641914  0.49939579  0.63091635
   0.31336302  0.49923670  0.63028556
   0.50018729  0.68608667  0.63063313
   0.49960918  0.31355303  0.63023831
   0.66236782  0.66128149  0.61295573
   0.33801127  0.66115435  0.61358304
   0.33701067  0.33765483  0.61257629
   0.66063798  0.33802094  0.61361264
   0.68631193  0.49984177  0.36984224
   0.31379841  0.50022819  0.36997005
   0.49943329  0.68634631  0.36963268
   0.50004418  0.31355636  0.36976946
   0.65677102  0.65809163  0.38134456
   0.34199122  0.65820583  0.38180754
   0.34260454  0.34190301  0.38073029
   0.65852666  0.34253197  0.38137031
   0.58200338  0.58209211  0.72246412
   0.41883807  0.58175650  0.72251548
   0.41726723  0.41755297  0.72175078
   0.58128992  0.41945725  0.72314880
   0.58273195  0.58190912  0.27606774
   0.41814383  0.58301482  0.27611112
   0.41711622  0.41750394  0.27646821
   0.58263078  0.41730400  0.27615390
   0.49979246  0.49965643  0.61201393
   0.41918845  0.41923070  0.50118978
   0.41944799  0.58055130  0.50109467
   0.49993819  0.49997072  0.38561041
   0.58070442  0.58065095  0.50099622
   0.58046158  0.41942786  0.50065317
   0.49819547  0.49843072  0.77747121
Direct configuration=    12
   0.73850436  0.58022098  0.50275036
   0.58039275  0.73823566  0.50178699
   0.26209832  0.58136153  0.50125793
   0.41844156  0.73792644  0.50262346
   0.26179648  0.41875078  0.50094316
   0.41898750  0.26193787  0.50114303
   0.73809268  0.41865211  0.50177714
   0.58173730  0.26228137  0.50090138
   0.68603026  0.49933840  0.63030573
   0.31379154  0.49945818  0.62970018
   0.50022635  0.68574042  0.62989700
   0.49947464  0.31398999  0.62960569
   0.66247312  0.66145436  0.61311394
   0.33788072  0.66124370  0.61375717
   0.33699047  0.33743906  0.61274944
   0.66088329  0.33781440  0.61374523
   0.68589051  0.49990523  0.37057903
   0.31419667  0.50029764  0.37072378
   0.49947302  0.68602695  0.37047142
   0.50022427  0.31386056  0.37059293
   0.65648461  0.65777081  0.38055390
   0.34216301  0.65801733  0.38104206
   0.34286473  0.34217199  0.37981920
   0.65822206  0.34269278  0.38051131
   0.58220690  0.58220767  0.72197448
   0.41858809  0.58187368  0.72213930
   0.41714801  0.41744816  0.72136329
   0.58132543  0.41918996  0.72276550
   0.58308751  0.58248108  0.27651671
   0.41773159  0.58337432  0.27651424
   0.41659383  0.41695904  0.27687295
   0.58316392  0.41691818  0.27664672
   0.49988206  0.49971206  0.61200760
   0.41954355  0.41956762  0.50104781
   0.41987975  0.58017273  0.50104376
   0.49991691  0.49999134  0.38608363
   0.58031809  0.58019954  0.50081270
   0.58012868  0.41984309  0.50049747
   0.49816548  0.49847302  0.77736238
Direct configuration=    13
   0.73826773  0.58006924  0.50337502
   0.58035341  0.73806506  0.50226578
   0.26225611  0.58155539  0.50168520
   0.41832241  0.73781869  0.50324027
   0.26191062  0.41858324  0.50134439
   0.41906811  0.26213392  0.50186384
   0.73791860  0.41863213  0.50232955
   0.58173101  0.26243903  0.50140173
   0.68525251  0.49922361  0.62908448
   0.31464859  0.49990113  0.62852942
   0.50030447  0.68504790  0.62842472
   0.49920555  0.31486392  0.62834046
   0.66268372  0.66180010  0.61343036
   0.33761963  0.66142242  0.61410542
   0.33695007  0.33700754  0.61309574
   0.66137389  0.33740131  0.61401043
   0.68504766  0.50003214  0.37205261
   0.31499318  0.50043653  0.37223124
   0.49955248  0.68538821  0.37214890
   0.50058445  0.31446896  0.37223985
   0.65591178  0.65712916  0.37897258
   0.34250658  0.65764031  0.37951111
   0.34338510  0.34270995  0.37799703
   0.65761286  0.34301440  0.37879332
   0.58261394  0.58243880  0.72099519
   0.41808813  0.58210804  0.72138693
   0.41690956  0.41723854  0.72058831
   0.58139644  0.41865538  0.72199890
   0.58379862  0.58362499  0.27741466
   0.41690712  0.58409331  0.27732049
   0.41554905  0.41586925  0.27768243
   0.58423019  0.41614655  0.27763236
   0.50006125  0.49982331  0.61199494
   0.42025373  0.42024147  0.50076387
   0.42074328  0.57941559  0.50094195
   0.49987437  0.50003258  0.38703007
   0.57954543  0.57929673  0.50044565
   0.57946286  0.42067354  0.50018606
   0.49810550  0.49855763  0.77714473
Direct configuration=    14
   0.73842342  0.58016908  0.50296403
   0.58037929  0.73817730  0.50195076
   0.26215229  0.58142784  0.50140408
   0.41840080  0.73788958  0.50283444
   0.26183552  0.41869347  0.50108040
   0.41901508  0.26200493  0.50138959
   0.73803313  0.41864527  0.50196610
   0.58173515  0.26233530  0.50107252
   0.68576423  0.49929913  0.62988800
   0.31408469  0.49960969  0.62929972
   0.50025307  0.68550354  0.62939340
   0.49938260  0.31428892  0.62917291
   0.66254516  0.66157262  0.61322218
   0.33779142  0.66130483  0.61387629
   0.33697665  0.33729146  0.61286789
   0.66105110  0.33767310  0.61383595
   0.68560221  0.49994864  0.37108307
   0.31446912  0.50034514  0.37123941
   0.49950020  0.68580846  0.37104521
   0.50034747  0.31406866  0.37115626
   0.65628867  0.65755133  0.38001300
   0.34228053  0.65788837  0.38051840
   0.34304272  0.34235600  0.37919593
   0.65801368  0.34280279  0.37992367
   0.58234613  0.58228673  0.72163951
   0.41841707  0.58195384  0.72188195
   0.41706645  0.41737646  0.72109820
   0.58134972  0.41900711  0.72250328
   0.58333074  0.58287235  0.27682386
   0.41744958  0.58362025  0.27679002
   0.41623646  0.41658628  0.27714984
   0.58352864  0.41665424  0.27698386
   0.49994335  0.49975011  0.61200327
   0.41978647  0.41979811  0.50095069
   0.42017512  0.57991375  0.50100894
   0.49990236  0.50000545  0.38640736
   0.58005380  0.57989073  0.50068715
   0.57990093  0.42012715  0.50039095
   0.49814496  0.49850196  0.77728793
Direct configuration=    15
   0.73819960  0.58030309  0.50342925
   0.58061105  0.73801002  0.50228143
   0.26235310  0.58180927  0.50167078
   0.41808023  0.73773739  0.50323619
   0.26207081  0.41837200  0.50135327
   0.41876650  0.26220159  0.50184957
   0.73786989  0.41834012  0.50227563
   0.58203179  0.26249459  0.50144788
   0.68583538  0.49924102  0.62960166
   0.31403671  0.49977740  0.62894684
   0.50030612  0.68561571  0.62896854
   0.49932507  0.31424868  0.62883724
   0.66266952  0.66177853  0.61337708
   0.33753619  0.66153062  0.61412067
   0.33688054  0.33701243  0.61309723
   0.66131799  0.33739667  0.61397170
   0.68582977  0.49999843  0.37176656
   0.31425524  0.50045020  0.37189122
   0.49948130  0.68615600  0.37181856
   0.50051309  0.31373508  0.37192296
   0.65596464  0.65722626  0.37899638
   0.34248265  0.65768364  0.37958392
   0.34338963  0.34263876  0.37803295
   0.65773514  0.34295378  0.37886789
   0.58256681  0.58241844  0.72107379
   0.41816163  0.58206206  0.72146592
   0.41691439  0.41726471  0.72067156
   0.58135625  0.41868030  0.72209688
   0.58366925  0.58351167  0.27737454
   0.41702323  0.58392538  0.27731610
   0.41567784  0.41602446  0.27773721
   0.58400964  0.41629203  0.27757017
   0.50007331  0.49983007  0.61261137
   0.41950680  0.41957186  0.50077500
   0.41996898  0.58019202  0.50092501
   0.49981477  0.49996611  0.38566011
   0.58036896  0.58008350  0.50047221
   0.58022332  0.41988804  0.50021721
   0.49812288  0.49857807  0.77668749
Direct configuration=    16
   0.73793284  0.58046279  0.50398371
   0.58088726  0.73781066  0.50267552
   0.26259242  0.58226386  0.50198863
   0.41769817  0.73755602  0.50371500
   0.26235122  0.41798888  0.50167847
   0.41847025  0.26243597  0.50239777
   0.73767535  0.41797643  0.50264454
   0.58238532  0.26268444  0.50189524
   0.68592017  0.49917176  0.62926041
   0.31397952  0.49997728  0.62852629
   0.50036934  0.68574939  0.62846220
   0.49925652  0.31420072  0.62843718
   0.66281775  0.66202393  0.61356171
   0.33723201  0.66179972  0.61441193
   0.33676599  0.33667989  0.61337056
   0.66163607  0.33706722  0.61413349
   0.68610097  0.50005776  0.37258115
   0.31400035  0.50057541  0.37266805
   0.49945877  0.68657018  0.37274024
   0.50071046  0.31333752  0.37283670
   0.65557846  0.65683884  0.37778478
   0.34272354  0.65743965  0.37847022
   0.34380307  0.34297576  0.37664692
   0.65740318  0.34313373  0.37760961
   0.58282982  0.58257542  0.72039957
   0.41785720  0.58219102  0.72097009
   0.41673317  0.41713152  0.72016309
   0.58136402  0.41829082  0.72161253
   0.58407269  0.58427361  0.27803085
   0.41651512  0.58428902  0.27794307
   0.41501208  0.41535488  0.27843724
   0.58458289  0.41586035  0.27826894
   0.50022819  0.49992537  0.61333609
   0.41917349  0.41930221  0.50056560
   0.41972329  0.58052366  0.50082499
   0.49971038  0.49991922  0.38476954
   0.58074456  0.58031325  0.50021605
   0.58060754  0.41960306  0.50001015
   0.49809656  0.49866876  0.77597188
Direct configuration=    17
   0.73739934  0.58078221  0.50509262
   0.58143967  0.73741192  0.50346371
   0.26307106  0.58317304  0.50262433
   0.41693406  0.73719327  0.50467262
   0.26291205  0.41722263  0.50232888
   0.41787774  0.26290472  0.50349417
   0.73728625  0.41724906  0.50338235
   0.58309240  0.26306413  0.50278995
   0.68608975  0.49903324  0.62857791
   0.31386514  0.50037703  0.62768519
   0.50049578  0.68601675  0.62744950
   0.49911941  0.31410480  0.62763707
   0.66311419  0.66251473  0.61393095
   0.33662366  0.66233791  0.61499444
   0.33653689  0.33601480  0.61391721
   0.66227224  0.33640833  0.61445707
   0.68664337  0.50017643  0.37421032
   0.31349055  0.50082583  0.37422170
   0.49941372  0.68739856  0.37458360
   0.50110522  0.31254240  0.37466420
   0.65480611  0.65606401  0.37536156
   0.34320532  0.65695167  0.37624281
   0.34462996  0.34364975  0.37387486
   0.65673926  0.34349364  0.37509306
   0.58335583  0.58288937  0.71905112
   0.41724833  0.58244896  0.71997842
   0.41637072  0.41686515  0.71914614
   0.58137958  0.41751186  0.72064383
   0.58487956  0.58579748  0.27934346
   0.41549888  0.58501632  0.27919702
   0.41368054  0.41401573  0.27983729
   0.58572939  0.41499698  0.27966647
   0.50053796  0.50011598  0.61478555
   0.41850688  0.41876292  0.50014681
   0.41923192  0.58118694  0.50062495
   0.49950160  0.49982544  0.38298840
   0.58149576  0.58077274  0.49970374
   0.58137598  0.41903312  0.49959603
   0.49804392  0.49885016  0.77454067
Direct configuration=    18
   0.73769408  0.58060575  0.50447999
   0.58113448  0.73763221  0.50302826
   0.26280663  0.58267075  0.50227313
   0.41735621  0.73739368  0.50414357
   0.26260221  0.41764596  0.50196955
   0.41820508  0.26264575  0.50288845
   0.73750121  0.41765091  0.50297474
   0.58270176  0.26285436  0.50229565
   0.68599606  0.49910977  0.62895497
   0.31392833  0.50015618  0.62814987
   0.50042593  0.68586904  0.62800898
   0.49919516  0.31415779  0.62807911
   0.66295042  0.66224358  0.61372695
   0.33695975  0.66204058  0.61467262
   0.33666346  0.33638224  0.61361521
   0.66192078  0.33677234  0.61427830
   0.68634371  0.50011087  0.37331026
   0.31377219  0.50068748  0.37336336
   0.49943861  0.68694091  0.37356521
   0.50088713  0.31298168  0.37365457
   0.65523281  0.65649208  0.37670030
   0.34293915  0.65722126  0.37747338
   0.34417313  0.34327739  0.37540633
   0.65710605  0.34329480  0.37648336
   0.58306523  0.58271592  0.71979609
   0.41758471  0.58230646  0.72052628
   0.41657096  0.41701231  0.71970797
   0.58137099  0.41794221  0.72117900
   0.58443379  0.58495560  0.27861829
   0.41606032  0.58461451  0.27850426
   0.41441617  0.41475556  0.27906381
   0.58509599  0.41547396  0.27889439
   0.50036682  0.50001068  0.61398478
   0.41887516  0.41906086  0.50037818
   0.41950338  0.58082050  0.50073546
   0.49961694  0.49987725  0.38397242
   0.58108075  0.58051889  0.49998678
   0.58095145  0.41934799  0.49982482
   0.49807300  0.49874995  0.77533137
Direct configuration=    19
   0.73765666  0.58105215  0.50497029
   0.58171832  0.73761599  0.50333026
   0.26290094  0.58343163  0.50248905
   0.41665346  0.73737512  0.50450874
   0.26277040  0.41699015  0.50222078
   0.41755244  0.26271645  0.50330852
   0.73749597  0.41691555  0.50319269
   0.58342101  0.26285889  0.50267338
   0.68639578  0.49905813  0.62893912
   0.31354180  0.50019592  0.62795703
   0.50043425  0.68628052  0.62790284
   0.49924603  0.31378849  0.62801271
   0.66312231  0.66246640  0.61404469
   0.33662765  0.66238977  0.61512808
   0.33647602  0.33612833  0.61403455
   0.66217049  0.33645443  0.61458551
   0.68701374  0.50010921  0.37396921
   0.31313701  0.50079355  0.37394388
   0.49933039  0.68768751  0.37422038
   0.50098736  0.31227396  0.37435551
   0.65510230  0.65640984  0.37569362
   0.34295241  0.65725289  0.37654116
   0.34437950  0.34331839  0.37426932
   0.65713299  0.34324720  0.37546308
   0.58335841  0.58296432  0.71943173
   0.41723721  0.58255764  0.72024901
   0.41624557  0.41673730  0.71941083
   0.58153905  0.41747429  0.72093826
   0.58469493  0.58553118  0.27885513
   0.41570010  0.58485011  0.27876162
   0.41391601  0.41427949  0.27938426
   0.58541009  0.41521349  0.27917588
   0.50049873  0.50010118  0.61381054
   0.41901225  0.41926491  0.50031810
   0.41970791  0.58075116  0.50072286
   0.49952207  0.49979545  0.38358370
   0.58102043  0.58032843  0.49976727
   0.58084326  0.41948965  0.49970321
   0.49807474  0.49885091  0.77413317
Direct configuration=    20
   0.73761242  0.58157987  0.50554990
   0.58240849  0.73759682  0.50368727
   0.26301243  0.58433111  0.50274430
   0.41582272  0.73735318  0.50494043
   0.26296922  0.41621489  0.50251778
   0.41678093  0.26280002  0.50380510
   0.73748977  0.41604625  0.50345034
   0.58427126  0.26286425  0.50311991
   0.68686830  0.49899708  0.62892038
   0.31308487  0.50024290  0.62772907
   0.50044410  0.68676695  0.62777737
   0.49930616  0.31335192  0.62793423
   0.66332551  0.66272981  0.61442029
   0.33623506  0.66280257  0.61566649
   0.33625445  0.33582818  0.61453028
   0.66246568  0.33607862  0.61494868
   0.68780580  0.50010726  0.37474818
   0.31238613  0.50091893  0.37463013
   0.49920245  0.68857010  0.37499489
   0.50110586  0.31143732  0.37518412
   0.65494803  0.65631263  0.37450358
   0.34296809  0.65729028  0.37543916
   0.34462345  0.34336686  0.37292522
   0.65716484  0.34319092  0.37425695
   0.58370500  0.58325797  0.71900101
   0.41682642  0.58285457  0.71992123
   0.41586092  0.41641220  0.71905958
   0.58173772  0.41692115  0.72065367
   0.58500364  0.58621160  0.27913510
   0.41527427  0.58512861  0.27906587
   0.41332475  0.41371671  0.27976307
   0.58578140  0.41490557  0.27950864
   0.50065467  0.50020816  0.61360457
   0.41917430  0.41950613  0.50024709
   0.41994969  0.58066919  0.50070797
   0.49940991  0.49969875  0.38312418
   0.58094913  0.58010329  0.49950779
   0.58071536  0.41965711  0.49955945
   0.49807680  0.49897027  0.77271672
Direct configuration=    21
   0.73752393  0.58263531  0.50670912
   0.58378885  0.73755848  0.50440129
   0.26323541  0.58613005  0.50325480
   0.41416124  0.73730930  0.50580379
   0.26336687  0.41466438  0.50311177
   0.41523791  0.26296716  0.50479827
   0.73747738  0.41430766  0.50396564
   0.58597176  0.26287496  0.50401296
   0.68781335  0.49887498  0.62888289
   0.31217101  0.50033686  0.62727316
   0.50046379  0.68773980  0.62752643
   0.49942644  0.31247878  0.62777726
   0.66373191  0.66325662  0.61517150
   0.33544988  0.66362817  0.61674332
   0.33581131  0.33522787  0.61552173
   0.66305605  0.33532698  0.61567501
   0.68938993  0.50010334  0.37630613
   0.31088436  0.50116970  0.37600264
   0.49894658  0.69033527  0.37654390
   0.50134284  0.30976406  0.37684135
   0.65463948  0.65611819  0.37212351
   0.34299945  0.65736507  0.37323514
   0.34511134  0.34346379  0.37023702
   0.65722853  0.34307837  0.37184470
   0.58439817  0.58384527  0.71813955
   0.41600483  0.58344843  0.71926568
   0.41509162  0.41576200  0.71835707
   0.58213507  0.41581487  0.72008449
   0.58562106  0.58757243  0.27969506
   0.41442261  0.58568562  0.27967436
   0.41214223  0.41259115  0.28052071
   0.58652403  0.41428975  0.28017417
   0.50096654  0.50042213  0.61319264
   0.41949840  0.41998855  0.50010505
   0.42043324  0.58050525  0.50067818
   0.49918560  0.49950534  0.38220514
   0.58080653  0.57965301  0.49898883
   0.58045957  0.41999203  0.49927193
   0.49808092  0.49920899  0.76988384
Direct configuration=    22
   0.73744489  0.58347772  0.50729789
   0.58493318  0.73734289  0.50468409
   0.26361873  0.58765312  0.50338362
   0.41266894  0.73713020  0.50616079
   0.26378707  0.41338214  0.50328173
   0.41394541  0.26326799  0.50524867
   0.73730121  0.41276864  0.50408679
   0.58745983  0.26307660  0.50434135
   0.68851714  0.49881696  0.62901107
   0.31153864  0.50028667  0.62708335
   0.50036537  0.68842084  0.62765343
   0.49955084  0.31187107  0.62789863
   0.66378062  0.66333450  0.61565884
   0.33520183  0.66397902  0.61743594
   0.33564882  0.33516560  0.61612416
   0.66322641  0.33504427  0.61614382
   0.69016963  0.50005297  0.37712121
   0.31012445  0.50124415  0.37680470
   0.49873388  0.69115576  0.37726599
   0.50144144  0.30903698  0.37772048
   0.65473978  0.65635651  0.37127647
   0.34268249  0.65781955  0.37254278
   0.34503073  0.34308229  0.36943656
   0.65773107  0.34273535  0.37108539
   0.58467698  0.58414652  0.71760729
   0.41552819  0.58385358  0.71865796
   0.41462208  0.41536133  0.71768783
   0.58245197  0.41521942  0.71957815
   0.58573308  0.58808430  0.27960052
   0.41421830  0.58576921  0.27957723
   0.41175840  0.41222190  0.28035873
   0.58658990  0.41423283  0.28010063
   0.50112326  0.50051419  0.61381289
   0.41926360  0.41972000  0.50031553
   0.42023911  0.58099478  0.50085516
   0.49907563  0.49944757  0.38192906
   0.58117881  0.57996137  0.49870274
   0.58077448  0.41962411  0.49920261
   0.49812383  0.49934710  0.76726592
Direct configuration=    23
   0.73723382  0.58572707  0.50886996
   0.58798869  0.73676724  0.50543921
   0.26464223  0.59171987  0.50372759
   0.40868434  0.73665200  0.50711401
   0.26490906  0.40995841  0.50373554
   0.41049431  0.26407126  0.50645131
   0.73683082  0.40865931  0.50441026
   0.59143312  0.26361498  0.50521819
   0.69039633  0.49866205  0.62935332
   0.30985014  0.50015265  0.62657654
   0.50010257  0.69023928  0.62799254
   0.49988300  0.31024842  0.62822270
   0.66391070  0.66354243  0.61696008
   0.33453952  0.66491583  0.61928530
   0.33521496  0.33499932  0.61773271
   0.66368129  0.33428940  0.61739559
   0.69225152  0.49991848  0.37929757
   0.30809541  0.50144296  0.37894629
   0.49816593  0.69334655  0.37919406
   0.50170471  0.30709559  0.38006783
   0.65500760  0.65699283  0.36901479
   0.34183616  0.65903306  0.37069410
   0.34481547  0.34206363  0.36729927
   0.65907289  0.34181942  0.36905793
   0.58542143  0.58495090  0.71618607
   0.41425552  0.58493537  0.71703527
   0.41336835  0.41429150  0.71590089
   0.58329811  0.41362950  0.71822618
   0.58603217  0.58945105  0.27934811
   0.41367276  0.58599238  0.27931789
   0.41073356  0.41123596  0.27992624
   0.58676581  0.41408087  0.27990430
   0.50154172  0.50076000  0.61546905
   0.41863666  0.41900294  0.50087753
   0.41972077  0.58230187  0.50132771
   0.49878202  0.49929330  0.38119188
   0.58217284  0.58078472  0.49793888
   0.58161533  0.41864172  0.49901752
   0.49823839  0.49971587  0.76027581
Direct configuration=    24
   0.73725933  0.58658123  0.50908514
   0.58937146  0.73643606  0.50534218
   0.26512871  0.59413343  0.50337778
   0.40616493  0.73668709  0.50695303
   0.26517644  0.40808380  0.50332160
   0.40870504  0.26433786  0.50655247
   0.73662332  0.40616662  0.50409794
   0.59384813  0.26384666  0.50496157
   0.69074335  0.49852395  0.62928010
   0.30980617  0.50023182  0.62613359
   0.49989476  0.69056024  0.62804582
   0.49994589  0.31013491  0.62819433
   0.66393815  0.66358835  0.61761637
   0.33428610  0.66543093  0.61995039
   0.33470059  0.33477328  0.61836299
   0.66416379  0.33379188  0.61785187
   0.69173306  0.49988764  0.37960180
   0.30866509  0.50125104  0.37953810
   0.49802025  0.69284396  0.37944432
   0.50168461  0.30779679  0.38052054
   0.65552534  0.65774432  0.36905988
   0.34104801  0.66004519  0.37120062
   0.34420417  0.34120734  0.36806821
   0.66020154  0.34121119  0.36946388
   0.58575818  0.58543863  0.71571120
   0.41348619  0.58560935  0.71604872
   0.41274428  0.41377716  0.71476791
   0.58394072  0.41298594  0.71743750
   0.58598882  0.58970350  0.27967248
   0.41368789  0.58589696  0.27946005
   0.41078083  0.41114028  0.27976586
   0.58650876  0.41425115  0.28016307
   0.50165144  0.50075735  0.61566847
   0.41884543  0.41900359  0.50177985
   0.41980130  0.58248227  0.50209819
   0.49853882  0.49932731  0.38196609
   0.58234509  0.58096729  0.49796633
   0.58172080  0.41860071  0.49936332
   0.49836322  0.49976293  0.75610643
Direct configuration=    25
   0.73730667  0.58816641  0.50948447
   0.59193766  0.73582144  0.50516209
   0.26603154  0.59861259  0.50272860
   0.40148931  0.73675220  0.50665427
   0.26567266  0.40460482  0.50255339
   0.40538445  0.26483264  0.50674022
   0.73623824  0.40154059  0.50351834
   0.59833000  0.26427661  0.50448533
   0.69138735  0.49826767  0.62914422
   0.30972458  0.50037875  0.62531154
   0.49950910  0.69115591  0.62814469
   0.50006261  0.30992425  0.62814167
   0.66398910  0.66367356  0.61883436
   0.33381578  0.66638687  0.62118469
   0.33374600  0.33435378  0.61953270
   0.66505922  0.33286857  0.61869867
   0.69077090  0.49983040  0.38016641
   0.30972234  0.50089487  0.38063641
   0.49774991  0.69191121  0.37990876
   0.50164730  0.30909811  0.38136068
   0.65648616  0.65913896  0.36914357
   0.33958533  0.66192354  0.37214064
   0.34306969  0.33961822  0.36949525
   0.66229612  0.34008240  0.37021725
   0.58638313  0.58634378  0.71482993
   0.41205846  0.58686014  0.71421783
   0.41158612  0.41282262  0.71266530
   0.58513328  0.41179159  0.71597385
   0.58590837  0.59017201  0.28027447
   0.41371596  0.58571989  0.27972387
   0.41086855  0.41096271  0.27946822
   0.58603173  0.41456718  0.28064332
   0.50185507  0.50075243  0.61603856
   0.41923286  0.41900479  0.50345440
   0.41995077  0.58281705  0.50352809
   0.49808748  0.49939042  0.38340291
   0.58266476  0.58130611  0.49801727
   0.58191652  0.41852462  0.50000508
   0.49859489  0.49985026  0.74836872
Direct configuration=    26
   0.73740134  0.59133677  0.51028313
   0.59707006  0.73459219  0.50480193
   0.26783721  0.60757093  0.50143025
   0.39213808  0.73688243  0.50605675
   0.26666509  0.39764687  0.50101697
   0.39874328  0.26582218  0.50711571
   0.73546809  0.39228854  0.50235912
   0.60729373  0.26513652  0.50353285
   0.69267535  0.49775512  0.62887246
   0.30956140  0.50067259  0.62366745
   0.49873779  0.69234723  0.62834243
   0.50029605  0.30950294  0.62803635
   0.66409099  0.66384400  0.62127032
   0.33287516  0.66829875  0.62365330
   0.33183683  0.33351479  0.62187212
   0.66685010  0.33102195  0.62039225
   0.68884657  0.49971593  0.38129561
   0.31183682  0.50018253  0.38283302
   0.49720921  0.69004573  0.38083765
   0.50157269  0.31170074  0.38304096
   0.65840782  0.66192826  0.36931093
   0.33665997  0.66568025  0.37402067
   0.34080075  0.33643997  0.37234933
   0.66648528  0.33782483  0.37172399
   0.58763303  0.58815409  0.71306737
   0.40920298  0.58936173  0.71055605
   0.40926980  0.41091356  0.70846006
   0.58751842  0.40940291  0.71304654
   0.58574747  0.59110903  0.28147843
   0.41377209  0.58536574  0.28025151
   0.41104399  0.41060758  0.27887294
   0.58507767  0.41519923  0.28160381
   0.50226233  0.50074260  0.61677873
   0.42000774  0.41900718  0.50680351
   0.42024969  0.58348661  0.50638788
   0.49718481  0.49951663  0.38627655
   0.58330410  0.58198374  0.49811916
   0.58230798  0.41837242  0.50128859
   0.49905824  0.50002492  0.73289331
Direct configuration=    27
   0.73734160  0.58933620  0.50977915
   0.59383139  0.73536787  0.50502920
   0.26669779  0.60191800  0.50224954
   0.39803894  0.73680025  0.50643380
   0.26603884  0.40203751  0.50198649
   0.40293402  0.26519775  0.50687876
   0.73595407  0.39812681  0.50309062
   0.60163740  0.26459390  0.50413389
   0.69186259  0.49807855  0.62904395
   0.30966437  0.50048717  0.62470491
   0.49922451  0.69159548  0.62821765
   0.50014875  0.30976880  0.62810281
   0.66402669  0.66373645  0.61973317
   0.33346872  0.66709231  0.62209555
   0.33304156  0.33404421  0.62039589
   0.66572002  0.33218721  0.61932356
   0.69006087  0.49978817  0.38058306
   0.31050253  0.50063203  0.38144690
   0.49755040  0.69122290  0.38025150
   0.50161977  0.31005841  0.38198066
   0.65719521  0.66016815  0.36920532
   0.33850594  0.66330968  0.37283433
   0.34223251  0.33844552  0.37054834
   0.66384182  0.33924941  0.37077320
   0.58684431  0.58701174  0.71417959
   0.41100486  0.58778317  0.71286672
   0.41073146  0.41211822  0.71111367
   0.58601334  0.41091023  0.71489374
   0.58584900  0.59051775  0.28071870
   0.41373667  0.58558921  0.27991856
   0.41093328  0.41083168  0.27924857
   0.58567971  0.41480039  0.28099771
   0.50200534  0.50074880  0.61631166
   0.41951878  0.41900567  0.50469014
   0.42006106  0.58306410  0.50458328
   0.49775442  0.49943699  0.38446321
   0.58290066  0.58155614  0.49805487
   0.58206096  0.41846846  0.50047866
   0.49876585  0.49991471  0.74265867
Direct configuration=    28
   0.73711691  0.58990066  0.50936783
   0.59479765  0.73505411  0.50449880
   0.26703752  0.60395518  0.50181491
   0.39586643  0.73672047  0.50587853
   0.26633741  0.40035803  0.50133811
   0.40137550  0.26554078  0.50652771
   0.73576080  0.39590871  0.50246372
   0.60371312  0.26490058  0.50364493
   0.69140909  0.49781138  0.62857408
   0.31023348  0.50062932  0.62382207
   0.49902918  0.69126487  0.62777639
   0.50015552  0.31032291  0.62749552
   0.66430782  0.66396510  0.62047318
   0.33277707  0.66816158  0.62247130
   0.33225745  0.33339323  0.62093176
   0.66663895  0.33137319  0.61956136
   0.68927361  0.49972886  0.38057476
   0.31153884  0.50057576  0.38169438
   0.49741555  0.69047680  0.38033150
   0.50175181  0.31100259  0.38213236
   0.65757249  0.66070043  0.36992357
   0.33792836  0.66392103  0.37393059
   0.34189562  0.33807397  0.37192472
   0.66473427  0.33886247  0.37177306
   0.58712937  0.58735596  0.71361059
   0.41058957  0.58815209  0.71178332
   0.41035346  0.41185973  0.70999768
   0.58643200  0.41064946  0.71396571
   0.58575984  0.59047600  0.28155816
   0.41391559  0.58537672  0.28078729
   0.41121702  0.41093718  0.27992683
   0.58527420  0.41513952  0.28199385
   0.50238358  0.50095554  0.61520744
   0.41920545  0.41861740  0.50553319
   0.41991561  0.58358363  0.50516142
   0.49733679  0.49940087  0.38516332
   0.58321124  0.58175783  0.49839496
   0.58258018  0.41836875  0.50103865
   0.49877166  0.49976730  0.74095245
Direct configuration=    29
   0.73644285  0.59159406  0.50813387
   0.59769642  0.73411282  0.50290761
   0.26805670  0.61006670  0.50051100
   0.38934893  0.73648113  0.50421273
   0.26723312  0.39531960  0.49939298
   0.39669994  0.26656987  0.50547455
   0.73518097  0.38925441  0.50058303
   0.60994029  0.26582061  0.50217806
   0.69004859  0.49700988  0.62716446
   0.31194081  0.50105578  0.62117356
   0.49844318  0.69027306  0.62645262
   0.50017582  0.31198524  0.62567363
   0.66515119  0.66465106  0.62269323
   0.33070214  0.67136941  0.62359856
   0.32990510  0.33144027  0.62253937
   0.66939575  0.32893111  0.62027476
   0.68691185  0.49955094  0.38054986
   0.31464778  0.50040693  0.38243680
   0.49701098  0.68823850  0.38057151
   0.50214793  0.31383511  0.38258745
   0.65870433  0.66229727  0.37207832
   0.33619561  0.66575509  0.37721938
   0.34088496  0.33695932  0.37605389
   0.66741161  0.33770166  0.37477265
   0.58798456  0.58838860  0.71190360
   0.40934372  0.58925886  0.70853311
   0.40921947  0.41108425  0.70664973
   0.58768797  0.40986715  0.71118163
   0.58549236  0.59035078  0.28407654
   0.41445236  0.58473922  0.28339349
   0.41206822  0.41125369  0.28196158
   0.58405768  0.41615692  0.28498224
   0.50351829  0.50157577  0.61189479
   0.41826548  0.41745259  0.50806232
   0.41947926  0.58514221  0.50689582
   0.49608391  0.49929253  0.38726362
   0.58414297  0.58236291  0.49941526
   0.58413782  0.41806960  0.50271860
   0.49878908  0.49932508  0.73583381
Direct configuration=    30
   0.73509472  0.59498085  0.50566595
   0.60349397  0.73223023  0.49972521
   0.27009508  0.62228974  0.49790319
   0.37631392  0.73600244  0.50088113
   0.26902453  0.38524274  0.49550271
   0.38734882  0.26862804  0.50336823
   0.73402132  0.37594580  0.49682164
   0.62239464  0.26766069  0.49924431
   0.68732759  0.49540686  0.62434523
   0.31535547  0.50190871  0.61587654
   0.49727120  0.68828945  0.62380507
   0.50021643  0.31530991  0.62202986
   0.66683793  0.66602298  0.62713333
   0.32655228  0.67778505  0.62585309
   0.32520040  0.32753435  0.62575459
   0.67490934  0.32404696  0.62170156
   0.68218831  0.49919511  0.38050006
   0.32086564  0.50006928  0.38392163
   0.49620186  0.68376192  0.38105152
   0.50294017  0.31950016  0.38349763
   0.66096802  0.66549097  0.37638783
   0.33273012  0.66942320  0.38379697
   0.33886365  0.33473002  0.38431221
   0.67276628  0.33538004  0.38077182
   0.58969492  0.59045389  0.70848961
   0.40685202  0.59147239  0.70203270
   0.40695148  0.40953329  0.69995384
   0.59019992  0.40830253  0.70561347
   0.58495740  0.59010032  0.28911331
   0.41552590  0.58346423  0.28860588
   0.41377062  0.41188670  0.28603108
   0.58162464  0.41819173  0.29095903
   0.50578772  0.50281623  0.60526947
   0.41638554  0.41512296  0.51312060
   0.41860655  0.58825937  0.51036462
   0.49357814  0.49907586  0.39146423
   0.58600642  0.58357308  0.50145585
   0.58725311  0.41747130  0.50607850
   0.49882393  0.49844064  0.72559652
Direct configuration=    31
   0.73624766  0.59208440  0.50777657
   0.59853580  0.73384025  0.50244686
   0.26835182  0.61183636  0.50013344
   0.38746171  0.73641182  0.50373038
   0.26749248  0.39386066  0.49882974
   0.39534608  0.26686785  0.50516959
   0.73501308  0.38732758  0.50003845
   0.61174344  0.26608702  0.50175331
   0.68965464  0.49677779  0.62675629
   0.31243519  0.50117927  0.62040666
   0.49827350  0.68998587  0.62606930
   0.50018170  0.31246659  0.62514608
   0.66539540  0.66484969  0.62333607
   0.33010132  0.67229827  0.62392498
   0.32922395  0.33087477  0.62300487
   0.67019401  0.32822398  0.62048133
   0.68622797  0.49949943  0.38054265
   0.31554800  0.50035805  0.38265177
   0.49689384  0.68759038  0.38064100
   0.50226263  0.31465530  0.38271923
   0.65903207  0.66275966  0.37270226
   0.33569388  0.66628616  0.37817169
   0.34059232  0.33663656  0.37724953
   0.66818686  0.33736554  0.37564122
   0.58823218  0.58868761  0.71140932
   0.40898297  0.58957933  0.70759197
   0.40889111  0.41085970  0.70568030
   0.58805165  0.40964062  0.71037547
   0.58541491  0.59031452  0.28480577
   0.41460779  0.58455463  0.28414814
   0.41231469  0.41134533  0.28255076
   0.58370543  0.41645152  0.28584756
   0.50384686  0.50175537  0.61093557
   0.41799330  0.41711530  0.50879466
   0.41935291  0.58559351  0.50739803
   0.49572112  0.49926116  0.38787179
   0.58441276  0.58253812  0.49971070
   0.58458885  0.41798298  0.50320505
   0.49879413  0.49919703  0.73435165
Direct configuration=    32
   0.73589099  0.59319127  0.50630351
   0.59988284  0.73381469  0.50129723
   0.26681804  0.61369821  0.49981759
   0.38528923  0.73767531  0.50310620
   0.26654019  0.39153724  0.49838664
   0.39331635  0.26590692  0.50449432
   0.73641721  0.38475857  0.49876530
   0.61368045  0.26521122  0.50152422
   0.68836068  0.49625603  0.62550909
   0.31356611  0.50156914  0.61834319
   0.49795142  0.68903420  0.62464139
   0.50032215  0.31371051  0.62323842
   0.66617289  0.66535001  0.62418966
   0.32847245  0.67459148  0.62341905
   0.32777794  0.32939086  0.62324128
   0.67203556  0.32633098  0.62028843
   0.68537019  0.49940923  0.38065758
   0.31707042  0.50092252  0.38335169
   0.49672652  0.68701425  0.38117149
   0.50316661  0.31572145  0.38349275
   0.65994905  0.66361428  0.37444101
   0.33424529  0.66731556  0.37938127
   0.33978077  0.33608329  0.37868594
   0.66987456  0.33634976  0.37717159
   0.58816724  0.58841156  0.71051435
   0.40991276  0.58890022  0.70594782
   0.40972586  0.41184634  0.70455960
   0.58767954  0.41029790  0.70846235
   0.58509819  0.58967879  0.28612698
   0.41500269  0.58422267  0.28596642
   0.41300656  0.41168855  0.28367611
   0.58320153  0.41724373  0.28782000
   0.50394577  0.50218904  0.60934629
   0.41816696  0.41752559  0.50937582
   0.41953439  0.58594088  0.50747498
   0.49530498  0.49908390  0.39101391
   0.58439054  0.58263659  0.50011484
   0.58478804  0.41816336  0.50358626
   0.49839704  0.49871387  0.73509544
Direct configuration=    33
   0.73544717  0.59456858  0.50447054
   0.60155902  0.73378289  0.49986670
   0.26490949  0.61601498  0.49942456
   0.38258594  0.73924752  0.50232951
   0.26535522  0.38864613  0.49783528
   0.39079068  0.26471120  0.50365405
   0.73816443  0.38156186  0.49718108
   0.61609075  0.26412143  0.50123916
   0.68675056  0.49560679  0.62395715
   0.31497335  0.50205427  0.61577553
   0.49755065  0.68785001  0.62286460
   0.50049692  0.31525837  0.62086466
   0.66714035  0.66597257  0.62525182
   0.32644558  0.67744500  0.62278951
   0.32597861  0.32754438  0.62353545
   0.67432706  0.32397546  0.62004840
   0.68430283  0.49929700  0.38080059
   0.31896481  0.50162490  0.38422262
   0.49651833  0.68629735  0.38183160
   0.50429147  0.31704810  0.38445527
   0.66109007  0.66467772  0.37660459
   0.33244277  0.66859648  0.38088639
   0.33877093  0.33539484  0.38047331
   0.67197463  0.33508580  0.37907588
   0.58808643  0.58806807  0.70940071
   0.41106973  0.58805518  0.70390194
   0.41076457  0.41307404  0.70316508
   0.58721651  0.41111577  0.70608178
   0.58470408  0.58888774  0.28777101
   0.41549407  0.58380959  0.28822897
   0.41386748  0.41211563  0.28507641
   0.58257451  0.41822951  0.29027437
   0.50406884  0.50272867  0.60736870
   0.41838305  0.41803612  0.51009897
   0.41976021  0.58637312  0.50757073
   0.49478717  0.49886332  0.39492377
   0.58436289  0.58275912  0.50061772
   0.58503590  0.41838782  0.50406061
   0.49790292  0.49811267  0.73602098
Direct configuration=    34
   0.73455954  0.59732322  0.50080460
   0.60491137  0.73371928  0.49700566
   0.26109240  0.62064851  0.49863851
   0.37717936  0.74239193  0.50077612
   0.26298529  0.38286391  0.49673255
   0.38573935  0.26231977  0.50197352
   0.74165886  0.37516844  0.49401263
   0.62091133  0.26194184  0.50066904
   0.68353032  0.49430830  0.62085328
   0.31778785  0.50302452  0.61064023
   0.49674910  0.68548162  0.61931100
   0.50084647  0.31835408  0.61611712
   0.66907528  0.66721769  0.62737613
   0.32239185  0.68315205  0.62153043
   0.32237997  0.32385142  0.62412380
   0.67891007  0.31926442  0.61956834
   0.68216810  0.49907253  0.38108662
   0.32275360  0.50302968  0.38596448
   0.49610194  0.68486356  0.38315181
   0.50654118  0.31970139  0.38638030
   0.66337212  0.66680460  0.38093176
   0.32883771  0.67115833  0.38389664
   0.33675125  0.33401793  0.38404805
   0.67617476  0.33255787  0.38288447
   0.58792480  0.58738107  0.70717343
   0.41338366  0.58636509  0.69981018
   0.41284200  0.41552945  0.70037605
   0.58629045  0.41275151  0.70132065
   0.58391586  0.58730564  0.29105906
   0.41647685  0.58298345  0.29275407
   0.41558931  0.41296979  0.28787702
   0.58132047  0.42020106  0.29518311
   0.50431499  0.50380794  0.60341351
   0.41881522  0.41905718  0.51154527
   0.42021185  0.58723760  0.50776223
   0.49375154  0.49842217  0.40274349
   0.58430760  0.58300417  0.50162348
   0.58553162  0.41883674  0.50500932
   0.49691470  0.49691025  0.73787205
Direct configuration=    35
   0.73525469  0.59516591  0.50367560
   0.60228596  0.73376909  0.49924630
   0.26408177  0.61701974  0.49925411
   0.38141355  0.73992937  0.50199266
   0.26484132  0.38739229  0.49759616
   0.38969532  0.26419263  0.50328964
   0.73892218  0.38017548  0.49649402
   0.61713607  0.26364879  0.50111553
   0.68605227  0.49532522  0.62328410
   0.31558366  0.50226466  0.61466197
   0.49737684  0.68733643  0.62209402
   0.50057272  0.31592966  0.61983518
   0.66755993  0.66624257  0.62571246
   0.32556655  0.67868255  0.62251649
   0.32519827  0.32674358  0.62366303
   0.67532087  0.32295389  0.61994430
   0.68383992  0.49924832  0.38086262
   0.31978639  0.50192952  0.38460033
   0.49642804  0.68598644  0.38211788
   0.50477931  0.31762345  0.38487270
   0.66158492  0.66513893  0.37754292
   0.33166103  0.66915201  0.38153915
   0.33833297  0.33509626  0.38124847
   0.67288540  0.33453763  0.37990176
   0.58805138  0.58791909  0.70891773
   0.41157149  0.58768869  0.70301466
   0.41121505  0.41360649  0.70256030
   0.58701570  0.41147047  0.70504936
   0.58453316  0.58854467  0.28848400
   0.41570718  0.58363045  0.28921022
   0.41424085  0.41230085  0.28568371
   0.58230258  0.41865703  0.29133880
   0.50412222  0.50296271  0.60651103
   0.41847676  0.41825753  0.51041259
   0.41985814  0.58656058  0.50761226
   0.49456260  0.49876766  0.39661944
   0.58435090  0.58281225  0.50083581
   0.58514340  0.41848516  0.50426633
   0.49768863  0.49785193  0.73642238
Direct configuration=    36
   0.73498556  0.59671133  0.50256258
   0.60400938  0.73404643  0.49876599
   0.26221844  0.61830719  0.49907084
   0.37972125  0.74142886  0.50194993
   0.26377397  0.38508647  0.49788622
   0.38777337  0.26312293  0.50311565
   0.74062349  0.37829662  0.49548303
   0.61857597  0.26219617  0.50166035
   0.68545761  0.49484443  0.62108167
   0.31616490  0.50277369  0.61188186
   0.49693011  0.68676561  0.61985407
   0.50075005  0.31679694  0.61677138
   0.66830823  0.66656354  0.62541619
   0.32451322  0.68049119  0.62057552
   0.32441071  0.32584135  0.62266088
   0.67657309  0.32127592  0.61836457
   0.68342952  0.49900197  0.38148895
   0.32039568  0.50266620  0.38662476
   0.49621975  0.68590070  0.38326844
   0.50571325  0.31825175  0.38688241
   0.66258805  0.66603087  0.37864387
   0.32950308  0.67064266  0.38221308
   0.33738834  0.33451901  0.38138936
   0.67512545  0.33289928  0.38102214
   0.58747636  0.58700869  0.70876773
   0.41290913  0.58692108  0.70218061
   0.41243660  0.41487833  0.70212037
   0.58631856  0.41221900  0.70394396
   0.58389293  0.58760140  0.28992523
   0.41637605  0.58328096  0.29150376
   0.41510010  0.41277391  0.28708273
   0.58200933  0.41963212  0.29369666
   0.50407275  0.50361585  0.60630567
   0.41693181  0.41695414  0.51052181
   0.41783031  0.58894699  0.50717823
   0.49480248  0.49861706  0.39886148
   0.58491508  0.58365252  0.50139240
   0.58734610  0.41687898  0.50437285
   0.49742994  0.49755784  0.73751277
Direct configuration=    37
   0.73472139  0.59822824  0.50147009
   0.60570100  0.73431865  0.49829454
   0.26038948  0.61957089  0.49889095
   0.37806017  0.74290070  0.50190798
   0.26272632  0.38282319  0.49817094
   0.38588687  0.26207296  0.50294488
   0.74229343  0.37645243  0.49449068
   0.61998931  0.26077033  0.50219511
   0.68487393  0.49437252  0.61891988
   0.31673541  0.50327333  0.60915304
   0.49649163  0.68620532  0.61765544
   0.50092411  0.31764823  0.61376411
   0.66904272  0.66687859  0.62512538
   0.32347931  0.68226647  0.61867035
   0.32363768  0.32495577  0.62167721
   0.67780222  0.31962889  0.61681397
   0.68302670  0.49876016  0.38210373
   0.32099374  0.50338929  0.38861185
   0.49601530  0.68581654  0.38439777
   0.50662997  0.31886846  0.38885504
   0.66357266  0.66690635  0.37972452
   0.32738493  0.67210582  0.38287458
   0.33646113  0.33395241  0.38152765
   0.67732417  0.33129115  0.38212185
   0.58691195  0.58611508  0.70862050
   0.41422209  0.58616762  0.70136194
   0.41363560  0.41612671  0.70168856
   0.58563427  0.41295373  0.70285896
   0.58326452  0.58667554  0.29133987
   0.41703258  0.58293793  0.29375500
   0.41594350  0.41323825  0.28845595
   0.58172150  0.42058922  0.29601101
   0.50402419  0.50425694  0.60610410
   0.41541536  0.41567479  0.51062901
   0.41583989  0.59128937  0.50675221
   0.49503794  0.49846923  0.40106216
   0.58546884  0.58447728  0.50193873
   0.58950816  0.41530243  0.50447739
   0.49717601  0.49726918  0.73858305
Direct configuration=    38
   0.73549348  0.60014452  0.50176784
   0.60797616  0.73542983  0.49914711
   0.25832032  0.62053113  0.49846972
   0.37663295  0.74486177  0.50219629
   0.26141588  0.38093301  0.49868556
   0.38426891  0.26077354  0.50318932
   0.74415511  0.37543333  0.49406309
   0.62108622  0.25857988  0.50305970
   0.68570057  0.49417561  0.61654870
   0.31595997  0.50385351  0.60663823
   0.49627592  0.68665654  0.61544132
   0.50129327  0.31738524  0.61053985
   0.66947630  0.66697116  0.62409441
   0.32316740  0.68311604  0.61758479
   0.32375115  0.32506238  0.62075921
   0.67806049  0.31852507  0.61572478
   0.68339300  0.49827254  0.38345094
   0.32005085  0.50397033  0.39207977
   0.49558420  0.68621549  0.38631524
   0.50695678  0.31856118  0.39229465
   0.66392586  0.66741302  0.37855822
   0.32503292  0.67387076  0.38181298
   0.33571443  0.33343418  0.37970957
   0.67955807  0.32941824  0.38129427
   0.58678186  0.58556002  0.70943744
   0.41421761  0.58675904  0.70144042
   0.41366070  0.41586737  0.70167712
   0.58570935  0.41264735  0.70289124
   0.58280599  0.58640997  0.29225756
   0.41740358  0.58293701  0.29618355
   0.41645209  0.41349139  0.28993353
   0.58213213  0.42085080  0.29823711
   0.50369424  0.50426153  0.60493319
   0.41531036  0.41554302  0.50970833
   0.41479622  0.59189209  0.50564610
   0.49603505  0.49855385  0.40252086
   0.58451028  0.58409984  0.50216850
   0.59058327  0.41484759  0.50423354
   0.49765707  0.49769082  0.73930595
Direct configuration=    39
   0.73658056  0.60284260  0.50218707
   0.61117954  0.73699435  0.50034752
   0.25540698  0.62188314  0.49787665
   0.37462346  0.74762292  0.50260224
   0.25957080  0.37827169  0.49941013
   0.38199085  0.25894398  0.50353349
   0.74677632  0.37399845  0.49346105
   0.62263066  0.25549577  0.50427702
   0.68686446  0.49389837  0.61321012
   0.31486816  0.50467038  0.60309742
   0.49597220  0.68729184  0.61232388
   0.50181304  0.31701495  0.60600016
   0.67008678  0.66710148  0.62264283
   0.32272822  0.68431222  0.61605633
   0.32391092  0.32521248  0.61946669
   0.67842412  0.31697091  0.61419121
   0.68390875  0.49758597  0.38534778
   0.31872328  0.50478842  0.39696253
   0.49497721  0.68677722  0.38901500
   0.50741693  0.31812855  0.39713754
   0.66442317  0.66812639  0.37691608
   0.32172134  0.67635576  0.38031827
   0.33466308  0.33270453  0.37714975
   0.68270335  0.32678122  0.38012904
   0.58659868  0.58477851  0.71058768
   0.41421129  0.58759176  0.70155093
   0.41369604  0.41550223  0.70166102
   0.58581506  0.41221597  0.70293669
   0.58216039  0.58603607  0.29354964
   0.41792595  0.58293572  0.29960291
   0.41716819  0.41384781  0.29201393
   0.58271029  0.42121911  0.30137141
   0.50322968  0.50426798  0.60328457
   0.41516252  0.41535748  0.50841203
   0.41332675  0.59274072  0.50408872
   0.49743896  0.49867298  0.40457468
   0.58316065  0.58356842  0.50249200
   0.59209699  0.41420720  0.50389020
   0.49833439  0.49828448  0.74032378
Direct configuration=    40
   0.73693588  0.60586359  0.50279235
   0.61453137  0.73698334  0.50119595
   0.25395945  0.62397952  0.49685716
   0.37252959  0.74837842  0.50240597
   0.25901792  0.37647753  0.49895418
   0.38030823  0.25822796  0.50294280
   0.74761414  0.37244741  0.49272201
   0.62434792  0.25432725  0.50418577
   0.68761182  0.49404676  0.61118265
   0.31375931  0.50499917  0.60088633
   0.49614683  0.68784644  0.61013642
   0.50229878  0.31609380  0.60313596
   0.67021514  0.66693430  0.62225837
   0.32277120  0.68477391  0.61669494
   0.32454622  0.32611651  0.61946718
   0.67832213  0.31617371  0.61516169
   0.68470352  0.49640131  0.38804596
   0.31686255  0.50519222  0.40090085
   0.49390982  0.68747657  0.39261087
   0.50719081  0.31670038  0.40193123
   0.66338795  0.66763112  0.37521843
   0.31987514  0.67731688  0.37898535
   0.33446071  0.33260798  0.37527613
   0.68405330  0.32562275  0.37900930
   0.58695516  0.58471742  0.70978734
   0.41362954  0.58829586  0.70077781
   0.41362852  0.41528802  0.70013461
   0.58632401  0.41160068  0.70196213
   0.58253378  0.58712964  0.29438310
   0.41729641  0.58341870  0.30327500
   0.41684682  0.41370407  0.29530403
   0.58424883  0.42015987  0.30425032
   0.50192321  0.50299201  0.60552482
   0.41532087  0.41555595  0.50622344
   0.41216898  0.59268018  0.50231838
   0.49897447  0.49949607  0.40346929
   0.58395240  0.58512165  0.50141371
   0.59284985  0.41330140  0.50270793
   0.49898744  0.49891962  0.73951026
Direct configuration=    41
   0.73720073  0.60811540  0.50324351
   0.61702978  0.73697513  0.50182837
   0.25288047  0.62554213  0.49609725
   0.37096884  0.74894156  0.50225968
   0.25860582  0.37514019  0.49861431
   0.37905402  0.25769426  0.50250251
   0.74823864  0.37129129  0.49217114
   0.62562794  0.25345625  0.50411774
   0.68816889  0.49415737  0.60967139
   0.31293279  0.50524425  0.59923822
   0.49627700  0.68825983  0.60850592
   0.50266084  0.31540718  0.60100102
   0.67031082  0.66680968  0.62197181
   0.32280323  0.68511805  0.61717095
   0.32501977  0.32679036  0.61946754
   0.67824611  0.31557949  0.61588507
   0.68529593  0.49551829  0.39005715
   0.31547558  0.50549320  0.40383643
   0.49311419  0.68799785  0.39529118
   0.50702226  0.31563585  0.40550438
   0.66261631  0.66726196  0.37395302
   0.31849901  0.67803328  0.37799182
   0.33430986  0.33253602  0.37387956
   0.68505954  0.32475925  0.37817466
   0.58722086  0.58467188  0.70919077
   0.41319591  0.58882069  0.70020153
   0.41357819  0.41512835  0.69899685
   0.58670337  0.41114205  0.70123570
   0.58281210  0.58794478  0.29500436
   0.41682716  0.58377871  0.30601213
   0.41660728  0.41359694  0.29775642
   0.58539564  0.41937034  0.30639621
   0.50094938  0.50204093  0.60719467
   0.41543889  0.41570389  0.50459208
   0.41130599  0.59263506  0.50099879
   0.50011901  0.50010960  0.40264534
   0.58454255  0.58627941  0.50060996
   0.59341102  0.41262623  0.50182668
   0.49947422  0.49939304  0.73890387
Direct configuration=    42
   0.73858989  0.61126549  0.50298247
   0.62026319  0.73770624  0.50152259
   0.25165200  0.62854210  0.49551645
   0.36907084  0.74875871  0.50195366
   0.25838818  0.37417494  0.49757729
   0.37800539  0.25711287  0.50116199
   0.74884794  0.36951424  0.49195443
   0.62759738  0.25266239  0.50345856
   0.68778683  0.49426450  0.60799785
   0.31249212  0.50522773  0.59752920
   0.49628509  0.68802286  0.60632647
   0.50285687  0.31455158  0.59907409
   0.67082400  0.66694811  0.62359498
   0.32316471  0.68478791  0.61758860
   0.32599732  0.32815192  0.61950935
   0.67779741  0.31564616  0.61684692
   0.68599075  0.49409357  0.39239405
   0.31351976  0.50513811  0.40496387
   0.49166743  0.68900467  0.39834347
   0.50648117  0.31354686  0.40830995
   0.66203897  0.66713216  0.37228919
   0.31794306  0.67709495  0.37838988
   0.33446054  0.33256914  0.37379238
   0.68449940  0.32463580  0.37854272
   0.58767951  0.58508419  0.70684241
   0.41254943  0.58961933  0.69923768
   0.41266967  0.41467467  0.69715231
   0.58799140  0.41077638  0.69993336
   0.58394272  0.58969395  0.29608676
   0.41495985  0.58522716  0.30924913
   0.41554915  0.41305753  0.30177601
   0.58806959  0.41736356  0.30867446
   0.50068448  0.50154374  0.60557299
   0.41537138  0.41588024  0.50333018
   0.41157395  0.59214952  0.50148509
   0.50181185  0.50190931  0.40143992
   0.58318469  0.58459941  0.50111109
   0.59269165  0.41312252  0.50213859
   0.50005043  0.49974550  0.73834962
Direct configuration=    43
   0.73890204  0.61197332  0.50292381
   0.62098975  0.73787052  0.50145389
   0.25137595  0.62921621  0.49538595
   0.36864435  0.74871763  0.50188490
   0.25833928  0.37395805  0.49734427
   0.37776976  0.25698223  0.50086077
   0.74898486  0.36911493  0.49190573
   0.62803992  0.25248400  0.50331044
   0.68770098  0.49428857  0.60762180
   0.31239310  0.50522402  0.59714518
   0.49628690  0.68796961  0.60583674
   0.50290091  0.31435933  0.59864110
   0.67093932  0.66697922  0.62395971
   0.32324593  0.68471373  0.61768244
   0.32621698  0.32845786  0.61951874
   0.67769659  0.31566114  0.61706305
   0.68614688  0.49377343  0.39291916
   0.31308028  0.50505832  0.40521721
   0.49134234  0.68923090  0.39902933
   0.50635958  0.31307746  0.40894037
   0.66190924  0.66710299  0.37191532
   0.31781814  0.67688410  0.37847933
   0.33449440  0.33257658  0.37377279
   0.68437354  0.32460806  0.37862542
   0.58778256  0.58517684  0.70631472
   0.41240416  0.58979879  0.69902110
   0.41246553  0.41457273  0.69673783
   0.58828082  0.41069421  0.69964073
   0.58419677  0.59008699  0.29632998
   0.41454026  0.58555263  0.30997650
   0.41531139  0.41293632  0.30267922
   0.58867043  0.41691263  0.30918639
   0.50062496  0.50143202  0.60520859
   0.41535621  0.41591986  0.50304663
   0.41163417  0.59204042  0.50159437
   0.50219224  0.50231371  0.40116906
   0.58287958  0.58422191  0.50122369
   0.59253001  0.41323404  0.50220868
   0.50017990  0.49982469  0.73822508
Direct configuration=    44
   0.73912988  0.61370264  0.50235406
   0.62225650  0.73775680  0.50083007
   0.25084303  0.63066039  0.49567258
   0.36809976  0.74915793  0.50223413
   0.25755054  0.37415109  0.49706387
   0.37788560  0.25609309  0.50026963
   0.74946808  0.36840251  0.49280060
   0.62900635  0.25216300  0.50339275
   0.68740292  0.49462176  0.60652278
   0.31221337  0.50499295  0.59656911
   0.49673134  0.68769681  0.60445414
   0.50267433  0.31382022  0.59798377
   0.67121153  0.66697100  0.62430908
   0.32318669  0.68425897  0.61736181
   0.32672138  0.32915739  0.61912937
   0.67738909  0.31592718  0.61661818
   0.68647326  0.49357137  0.39405485
   0.31254004  0.50458047  0.40440905
   0.49121979  0.68980255  0.40048741
   0.50607691  0.31232012  0.40886643
   0.66238008  0.66735725  0.37230640
   0.31782854  0.67539525  0.38000740
   0.33423867  0.33207249  0.37471200
   0.68304243  0.32456453  0.38003163
   0.58738769  0.58512009  0.70397556
   0.41288834  0.58929208  0.69804755
   0.41236578  0.41504934  0.69580382
   0.58839493  0.41165907  0.69848364
   0.58493874  0.59117208  0.29753359
   0.41264852  0.58667147  0.31055142
   0.41525576  0.41308991  0.30502042
   0.59027978  0.41557779  0.30959635
   0.50041253  0.50117189  0.60421578
   0.41502161  0.41573382  0.50252755
   0.41040660  0.59171788  0.50266184
   0.50225664  0.50268121  0.40033479
   0.58473192  0.58532141  0.50261823
   0.59206775  0.41182733  0.50296912
   0.50037326  0.49971688  0.73721921
Direct configuration=    45
   0.73919113  0.61416748  0.50220091
   0.62259700  0.73772623  0.50066239
   0.25069979  0.63104858  0.49574963
   0.36795337  0.74927628  0.50232801
   0.25733853  0.37420297  0.49698850
   0.37791674  0.25585409  0.50011073
   0.74959797  0.36821101  0.49304114
   0.62926612  0.25207672  0.50341488
   0.68732280  0.49471132  0.60622736
   0.31216505  0.50493084  0.59641426
   0.49685081  0.68762348  0.60408250
   0.50261342  0.31367531  0.59780709
   0.67128470  0.66696879  0.62440299
   0.32317077  0.68413673  0.61727562
   0.32685697  0.32934542  0.61902471
   0.67730644  0.31599870  0.61649861
   0.68656099  0.49351705  0.39436012
   0.31239482  0.50445203  0.40419181
   0.49118684  0.68995621  0.40087934
   0.50600093  0.31211655  0.40884655
   0.66250665  0.66742559  0.37241152
   0.31783133  0.67499505  0.38041814
   0.33416993  0.33193699  0.37496446
   0.68268463  0.32455284  0.38040962
   0.58728155  0.58510484  0.70334680
   0.41301849  0.58915588  0.69778587
   0.41233897  0.41517745  0.69555276
   0.58842560  0.41191843  0.69817262
   0.58513818  0.59146375  0.29785712
   0.41214002  0.58697221  0.31070596
   0.41524081  0.41313119  0.30564974
   0.59071237  0.41521899  0.30970655
   0.50035543  0.50110197  0.60394892
   0.41493167  0.41568381  0.50238803
   0.41007663  0.59163118  0.50294878
   0.50227395  0.50277999  0.40011054
   0.58522983  0.58561696  0.50299308
   0.59194350  0.41144921  0.50317353
   0.50042524  0.49968790  0.73694883
Direct configuration=    46
   0.74056968  0.61507900  0.50175373
   0.62291706  0.73911787  0.50033043
   0.25010471  0.63115586  0.49637031
   0.36828206  0.75004581  0.50311316
   0.25668522  0.37453160  0.49735333
   0.37820270  0.25525641  0.50026682
   0.74991442  0.36838048  0.49437563
   0.62951787  0.25119867  0.50383450
   0.68769083  0.49465431  0.60548408
   0.31145029  0.50441572  0.59668558
   0.49711297  0.68783779  0.60325471
   0.50192299  0.31300744  0.59786338
   0.67195651  0.66746574  0.62435268
   0.32275685  0.68413155  0.61769192
   0.32686792  0.32951871  0.61870214
   0.67755952  0.31599460  0.61676981
   0.68662607  0.49392571  0.39543025
   0.31219991  0.50378491  0.40361129
   0.49178893  0.68991666  0.40222603
   0.50556177  0.31197528  0.40804546
   0.66377446  0.66819389  0.37307744
   0.31738732  0.67472244  0.38087795
   0.33351679  0.33105605  0.37531446
   0.68210522  0.32379460  0.38088469
   0.58696903  0.58521410  0.70171042
   0.41361489  0.58845061  0.69681856
   0.41234962  0.41543540  0.69539917
   0.58803198  0.41303265  0.69713403
   0.58524483  0.59174247  0.29906664
   0.41082399  0.58774043  0.31040685
   0.41549633  0.41315843  0.30673968
   0.59152036  0.41479741  0.30976149
   0.50032134  0.50096017  0.60246546
   0.41456140  0.41522066  0.50165546
   0.41015381  0.59110075  0.50293460
   0.50242712  0.50304226  0.40028360
   0.58520261  0.58524235  0.50320549
   0.59142407  0.41137123  0.50309691
   0.50038655  0.49932999  0.73565185
Direct configuration=    47
   0.74123741  0.61552051  0.50153713
   0.62307208  0.73979193  0.50016963
   0.24981647  0.63120783  0.49667095
   0.36844126  0.75041854  0.50349347
   0.25636878  0.37469077  0.49753004
   0.37834121  0.25496691  0.50034243
   0.75006770  0.36846256  0.49502201
   0.62963981  0.25077337  0.50403776
   0.68786910  0.49462669  0.60512406
   0.31110408  0.50416622  0.59681700
   0.49723995  0.68794160  0.60285376
   0.50158856  0.31268394  0.59789065
   0.67228191  0.66770645  0.62432831
   0.32255636  0.68412905  0.61789357
   0.32687323  0.32960265  0.61854590
   0.67768211  0.31599262  0.61690118
   0.68665759  0.49412365  0.39594859
   0.31210550  0.50346178  0.40333011
   0.49208056  0.68989750  0.40287832
   0.50534905  0.31190686  0.40765743
   0.66438854  0.66856603  0.37339999
   0.31717226  0.67459040  0.38110066
   0.33320043  0.33062934  0.37548399
   0.68182457  0.32342734  0.38111479
   0.58681766  0.58526703  0.70091781
   0.41390377  0.58810899  0.69635003
   0.41235478  0.41556034  0.69532477
   0.58784132  0.41357234  0.69663097
   0.58529649  0.59187747  0.29965250
   0.41018655  0.58811254  0.31026197
   0.41562010  0.41317162  0.30726761
   0.59191173  0.41459321  0.30978810
   0.50030483  0.50089149  0.60174692
   0.41438205  0.41499632  0.50130063
   0.41019120  0.59084383  0.50292773
   0.50250131  0.50316929  0.40036743
   0.58518942  0.58506090  0.50330837
   0.59117247  0.41133347  0.50305980
   0.50036781  0.49915662  0.73502363
Direct configuration=    48
   0.74210380  0.61654160  0.50138754
   0.62328837  0.74088159  0.50018499
   0.25021467  0.63085149  0.49743348
   0.36892563  0.75004962  0.50454025
   0.25615164  0.37476937  0.49807205
   0.37833080  0.25476529  0.50068417
   0.74953562  0.36874612  0.49639683
   0.62961597  0.25079118  0.50453830
   0.68853397  0.49455660  0.60401751
   0.31040583  0.50374207  0.59725460
   0.49727284  0.68834531  0.60184608
   0.50116471  0.31227586  0.59804073
   0.67298950  0.66816471  0.62308912
   0.32253066  0.68389396  0.61830562
   0.32637414  0.32933938  0.61876844
   0.67763538  0.31611572  0.61760614
   0.68702604  0.49473317  0.39739583
   0.31167917  0.50294987  0.40322147
   0.49315754  0.68989605  0.40434611
   0.50497783  0.31164435  0.40694063
   0.66573772  0.66945928  0.37430479
   0.31665507  0.67498586  0.38121487
   0.33246791  0.32970544  0.37531590
   0.68168601  0.32266024  0.38134178
   0.58713722  0.58599131  0.69953582
   0.41409714  0.58750764  0.69532914
   0.41225652  0.41530762  0.69530652
   0.58730684  0.41408407  0.69567332
   0.58540089  0.59203237  0.30156573
   0.40945082  0.58854704  0.31029945
   0.41581967  0.41293611  0.30792302
   0.59227033  0.41467456  0.31017326
   0.49973867  0.50039505  0.60070079
   0.41391287  0.41439837  0.50044682
   0.40920187  0.59130209  0.50255103
   0.50198982  0.50298597  0.39939485
   0.58630463  0.58608207  0.50270677
   0.59146950  0.41022228  0.50256269
   0.50018240  0.49866932  0.73358357
Direct configuration=    49
   0.74229930  0.61677201  0.50135379
   0.62333717  0.74112747  0.50018846
   0.25030452  0.63077108  0.49760554
   0.36903492  0.74996638  0.50477645
   0.25610264  0.37478711  0.49819435
   0.37832846  0.25471980  0.50076128
   0.74941555  0.36881010  0.49670706
   0.62961059  0.25079520  0.50465124
   0.68868400  0.49454079  0.60376782
   0.31024827  0.50364637  0.59735334
   0.49728026  0.68843640  0.60161870
   0.50106907  0.31218378  0.59807459
   0.67314916  0.66826812  0.62280950
   0.32252487  0.68384091  0.61839860
   0.32626152  0.32927997  0.61881866
   0.67762484  0.31614350  0.61776521
   0.68710918  0.49487071  0.39772239
   0.31158297  0.50283436  0.40319696
   0.49340056  0.68989572  0.40467731
   0.50489407  0.31158512  0.40677888
   0.66604216  0.66966083  0.37450895
   0.31653836  0.67507510  0.38124064
   0.33230262  0.32949696  0.37527797
   0.68165475  0.32248715  0.38139300
   0.58720933  0.58615474  0.69922398
   0.41414078  0.58737195  0.69509878
   0.41223434  0.41525059  0.69530241
   0.58718623  0.41419954  0.69545724
   0.58542444  0.59206732  0.30199744
   0.40928481  0.58864508  0.31030791
   0.41586470  0.41288297  0.30807091
   0.59235125  0.41469291  0.31026017
   0.49961091  0.50028303  0.60046473
   0.41380700  0.41426344  0.50025416
   0.40897863  0.59140550  0.50246602
   0.50187441  0.50294460  0.39917539
   0.58655627  0.58631249  0.50257102
   0.59153653  0.40997155  0.50245052
   0.50014056  0.49855936  0.73325863
Direct configuration=    50
   0.74336772  0.61818689  0.50123955
   0.62382899  0.74256549  0.50019150
   0.25024701  0.63038678  0.49822305
   0.36940969  0.74969112  0.50560735
   0.25598787  0.37450254  0.49859996
   0.37786275  0.25459141  0.50095490
   0.74929928  0.36898805  0.49779650
   0.62941863  0.25073266  0.50499113
   0.68884267  0.49466583  0.60225558
   0.31013284  0.50330304  0.59763482
   0.49736729  0.68851862  0.60045194
   0.50093813  0.31228108  0.59816807
   0.67417718  0.66884505  0.62153918
   0.32292264  0.68325258  0.61902667
   0.32563463  0.32888103  0.61928060
   0.67707368  0.31651215  0.61875609
   0.68794051  0.49531300  0.39915522
   0.31082243  0.50275238  0.40307614
   0.49446377  0.69039129  0.40562247
   0.50470414  0.31089975  0.40612159
   0.66743322  0.67088554  0.37499534
   0.31659819  0.67539779  0.38119997
   0.33184044  0.32880081  0.37499730
   0.68153363  0.32231708  0.38146855
   0.58751585  0.58664357  0.69781984
   0.41399212  0.58701878  0.69452878
   0.41172263  0.41436640  0.69531396
   0.58684320  0.41405589  0.69503648
   0.58594370  0.59233788  0.30440436
   0.40860272  0.58915460  0.31059036
   0.41537896  0.41209330  0.30828555
   0.59283918  0.41466216  0.31074083
   0.49938865  0.50024636  0.59905305
   0.41360797  0.41411514  0.49986088
   0.40900812  0.59079104  0.50208227
   0.50090084  0.50243658  0.39881956
   0.58638087  0.58606029  0.50197537
   0.59093018  0.40999416  0.50197415
   0.50009768  0.49836187  0.73216111
Direct configuration=    51
   0.74369380  0.61861871  0.50120469
   0.62397909  0.74300437  0.50019243
   0.25022946  0.63026949  0.49841151
   0.36952406  0.74960711  0.50586094
   0.25595285  0.37441569  0.49872374
   0.37772062  0.25455222  0.50101399
   0.74926379  0.36904236  0.49812899
   0.62936005  0.25071358  0.50509486
   0.68889109  0.49470399  0.60179405
   0.31009761  0.50319826  0.59772073
   0.49739385  0.68854371  0.60009586
   0.50089817  0.31231078  0.59819660
   0.67449093  0.66902112  0.62115149
   0.32304404  0.68307303  0.61921836
   0.32544330  0.32875928  0.61942158
   0.67690546  0.31662466  0.61905850
   0.68819422  0.49544798  0.39959251
   0.31059032  0.50272737  0.40303926
   0.49478826  0.69054253  0.40591093
   0.50464618  0.31069058  0.40592098
   0.66785776  0.67125931  0.37514378
   0.31661645  0.67549628  0.38118755
   0.33169938  0.32858835  0.37491163
   0.68149666  0.32226518  0.38149160
   0.58760940  0.58679276  0.69739130
   0.41394675  0.58691099  0.69435482
   0.41156646  0.41409655  0.69531749
   0.58673851  0.41401205  0.69490807
   0.58610217  0.59242045  0.30513893
   0.40839455  0.58931010  0.31067656
   0.41523071  0.41185230  0.30835106
   0.59298810  0.41465278  0.31088753
   0.49932082  0.50023517  0.59862221
   0.41354722  0.41406988  0.49974085
   0.40901712  0.59060351  0.50196515
   0.50060372  0.50228154  0.39871097
   0.58632734  0.58598331  0.50179358
   0.59074513  0.41000106  0.50182876
   0.50008459  0.49830159  0.73182616
Direct configuration=    52
   0.74434595  0.61948234  0.50113497
   0.62427929  0.74388213  0.50019430
   0.25019435  0.63003492  0.49878842
   0.36975281  0.74943909  0.50636811
   0.25588279  0.37424199  0.49897132
   0.37743636  0.25447386  0.50113218
   0.74919282  0.36915098  0.49879398
   0.62924288  0.25067541  0.50530232
   0.68898794  0.49478031  0.60087099
   0.31002715  0.50298870  0.59789254
   0.49744698  0.68859390  0.59938368
   0.50081824  0.31237017  0.59825366
   0.67511842  0.66937327  0.62037610
   0.32328684  0.68271392  0.61960173
   0.32506065  0.32851577  0.61970354
   0.67656904  0.31684968  0.61966332
   0.68870165  0.49571795  0.40046710
   0.31012610  0.50267733  0.40296552
   0.49543724  0.69084502  0.40648785
   0.50453026  0.31027223  0.40551977
   0.66870685  0.67200686  0.37544066
   0.31665297  0.67569325  0.38116273
   0.33141727  0.32816343  0.37474031
   0.68142273  0.32216137  0.38153772
   0.58779650  0.58709114  0.69653423
   0.41385601  0.58669542  0.69400690
   0.41125412  0.41355685  0.69532454
   0.58652913  0.41392437  0.69465124
   0.58641912  0.59258560  0.30660809
   0.40797820  0.58962111  0.31084896
   0.41493421  0.41137029  0.30848207
   0.59328593  0.41463401  0.31118092
   0.49918515  0.50021279  0.59776053
   0.41342573  0.41397935  0.49950080
   0.40903512  0.59022845  0.50173091
   0.50000947  0.50197145  0.39849377
   0.58622028  0.58582937  0.50143000
   0.59037502  0.41001487  0.50153799
   0.50005841  0.49818104  0.73115625
Direct configuration=    53
   0.74488232  0.62044953  0.50104508
   0.62460957  0.74458820  0.50014165
   0.25009483  0.62986380  0.49908995
   0.36990554  0.74929903  0.50672661
   0.25573824  0.37407670  0.49917256
   0.37715311  0.25438887  0.50118666
   0.74916729  0.36921810  0.49935574
   0.62911206  0.25068310  0.50553294
   0.68889735  0.49499724  0.59987250
   0.31009450  0.50276490  0.59799167
   0.49770379  0.68852263  0.59867318
   0.50072678  0.31246789  0.59828967
   0.67572181  0.66964413  0.61964772
   0.32364763  0.68220697  0.61985785
   0.32479402  0.32832129  0.61976226
   0.67605488  0.31718410  0.61999705
   0.68925400  0.49599137  0.40142164
   0.30965637  0.50271187  0.40285045
   0.49600349  0.69120201  0.40694289
   0.50444310  0.30984766  0.40518200
   0.66941255  0.67267936  0.37584631
   0.31698243  0.67567425  0.38136012
   0.33123369  0.32781879  0.37474508
   0.68121587  0.32235025  0.38175900
   0.58777112  0.58711426  0.69556395
   0.41385788  0.58633398  0.69379981
   0.41113418  0.41321608  0.69525021
   0.58614796  0.41387830  0.69450879
   0.58678171  0.59273956  0.30802747
   0.40752862  0.58993657  0.31105984
   0.41444314  0.41080189  0.30854341
   0.59358439  0.41452305  0.31145759
   0.49912954  0.50013294  0.59774810
   0.41302138  0.41357352  0.49939308
   0.40890638  0.59006417  0.50143122
   0.49949405  0.50162156  0.39806867
   0.58646980  0.58604942  0.50101499
   0.59016520  0.40991260  0.50122807
   0.50005941  0.49815008  0.73045421
Direct configuration=    54
   0.74506363  0.62077647  0.50101470
   0.62472122  0.74482687  0.50012385
   0.25006119  0.62980596  0.49919188
   0.36995717  0.74925168  0.50684779
   0.25568937  0.37402082  0.49924058
   0.37705736  0.25436014  0.50120508
   0.74915866  0.36924079  0.49954563
   0.62906784  0.25068570  0.50561090
   0.68886673  0.49507057  0.59953498
   0.31011727  0.50268924  0.59802518
   0.49779061  0.68849854  0.59843301
   0.50069586  0.31250093  0.59830184
   0.67592578  0.66973570  0.61940150
   0.32376959  0.68203560  0.61994443
   0.32470390  0.32825555  0.61978210
   0.67588108  0.31729714  0.62010986
   0.68944071  0.49608379  0.40174431
   0.30949759  0.50272354  0.40281155
   0.49619490  0.69132269  0.40709671
   0.50441364  0.30970414  0.40506783
   0.66965109  0.67290668  0.37598344
   0.31709381  0.67566783  0.38142685
   0.33117164  0.32770229  0.37474669
   0.68114594  0.32241410  0.38183380
   0.58776254  0.58712208  0.69523597
   0.41385851  0.58621181  0.69372980
   0.41109364  0.41310088  0.69522508
   0.58601910  0.41386272  0.69446063
   0.58690428  0.59279160  0.30850726
   0.40737665  0.59004321  0.31113113
   0.41427714  0.41060975  0.30856415
   0.59368528  0.41448554  0.31155111
   0.49911074  0.50010595  0.59774390
   0.41288470  0.41343633  0.49935667
   0.40886286  0.59000864  0.50132992
   0.49931982  0.50150328  0.39792497
   0.58655415  0.58612381  0.50087470
   0.59009427  0.40987803  0.50112331
   0.50005975  0.49813961  0.73021690
Direct configuration=    55
   0.74542624  0.62143035  0.50095393
   0.62494451  0.74530422  0.50008826
   0.24999391  0.62969027  0.49939574
   0.37006042  0.74915699  0.50709016
   0.25559164  0.37390907  0.49937663
   0.37686586  0.25430269  0.50124192
   0.74914140  0.36928617  0.49992542
   0.62897939  0.25069091  0.50576681
   0.68880549  0.49521723  0.59885994
   0.31016281  0.50253794  0.59809220
   0.49796423  0.68845035  0.59795266
   0.50063403  0.31256699  0.59832619
   0.67633372  0.66991882  0.61890906
   0.32401351  0.68169287  0.62011759
   0.32452364  0.32812407  0.61982180
   0.67553348  0.31752323  0.62033548
   0.68981413  0.49626864  0.40238965
   0.30918002  0.50274689  0.40273376
   0.49657772  0.69156405  0.40740435
   0.50435472  0.30941709  0.40483947
   0.67012819  0.67336133  0.37625768
   0.31731655  0.67565499  0.38156031
   0.33104753  0.32746929  0.37474991
   0.68100609  0.32254180  0.38198341
   0.58774538  0.58713771  0.69457999
   0.41385978  0.58596745  0.69358979
   0.41101256  0.41287049  0.69517483
   0.58576140  0.41383157  0.69436433
   0.58714941  0.59289569  0.30946686
   0.40707270  0.59025648  0.31127370
   0.41394514  0.41022547  0.30860562
   0.59388705  0.41441052  0.31173815
   0.49907314  0.50005197  0.59773550
   0.41261133  0.41316196  0.49928384
   0.40877582  0.58989759  0.50112731
   0.49897137  0.50126673  0.39763756
   0.58672284  0.58627258  0.50059412
   0.58995242  0.40980889  0.50091379
   0.50006043  0.49811867  0.72974228
Direct configuration=    56
   0.74541358  0.62150658  0.50098203
   0.62494847  0.74517716  0.50005806
   0.24992318  0.62976164  0.49932530
   0.36998133  0.74923764  0.50691022
   0.25535859  0.37396565  0.49933119
   0.37693711  0.25414589  0.50117916
   0.74919918  0.36926088  0.49979051
   0.62897859  0.25068644  0.50580314
   0.68869279  0.49537160  0.59888287
   0.31022118  0.50253526  0.59798933
   0.49824766  0.68835273  0.59805597
   0.50055600  0.31247252  0.59831633
   0.67625398  0.66980203  0.61911038
   0.32412353  0.68153054  0.61996588
   0.32463579  0.32815843  0.61954537
   0.67537403  0.31766559  0.62000468
   0.68982560  0.49634493  0.40242743
   0.30921694  0.50273399  0.40271981
   0.49646164  0.69156973  0.40722285
   0.50434035  0.30948350  0.40494691
   0.66991582  0.67323394  0.37630487
   0.31755017  0.67547220  0.38170690
   0.33106163  0.32747982  0.37490981
   0.68088952  0.32282004  0.38208754
   0.58756170  0.58692877  0.69457711
   0.41387636  0.58591252  0.69382086
   0.41121435  0.41310373  0.69513943
   0.58569814  0.41377394  0.69453846
   0.58713664  0.59281775  0.30917446
   0.40706038  0.59023975  0.31130258
   0.41377335  0.41020680  0.30854266
   0.59385279  0.41429027  0.31171503
   0.49914977  0.49997980  0.59804488
   0.41251392  0.41304678  0.49941932
   0.40877605  0.59003757  0.50117250
   0.49919880  0.50130421  0.39740222
   0.58698661  0.58656802  0.50064487
   0.59002248  0.40978195  0.50098550
   0.50007201  0.49823940  0.72994359
Direct configuration=    57
   0.74540488  0.62155899  0.50100135
   0.62495118  0.74508982  0.50003729
   0.24987456  0.62981070  0.49927687
   0.36992697  0.74929309  0.50678652
   0.25519838  0.37400455  0.49929996
   0.37698609  0.25403810  0.50113602
   0.74923889  0.36924350  0.49969776
   0.62897803  0.25068337  0.50582811
   0.68861531  0.49547772  0.59889864
   0.31026131  0.50253343  0.59791861
   0.49844250  0.68828562  0.59812700
   0.50050236  0.31240758  0.59830955
   0.67619916  0.66972174  0.61924877
   0.32419917  0.68141894  0.61986159
   0.32471290  0.32818205  0.61935534
   0.67526442  0.31776346  0.61977728
   0.68983348  0.49639738  0.40245341
   0.30924233  0.50272512  0.40271022
   0.49638183  0.69157365  0.40709809
   0.50433047  0.30952915  0.40502077
   0.66976982  0.67314636  0.37633731
   0.31771077  0.67534655  0.38180768
   0.33107133  0.32748705  0.37501973
   0.68080938  0.32301131  0.38215912
   0.58743543  0.58678514  0.69457512
   0.41388777  0.58587477  0.69397971
   0.41135307  0.41326406  0.69511509
   0.58565465  0.41373433  0.69465816
   0.58712786  0.59276418  0.30897345
   0.40705191  0.59022824  0.31132244
   0.41365525  0.41019396  0.30849938
   0.59382924  0.41420760  0.31169913
   0.49920245  0.49993019  0.59825757
   0.41244695  0.41296760  0.49951244
   0.40877620  0.59013380  0.50120356
   0.49935515  0.50132997  0.39724044
   0.58716793  0.58677111  0.50067975
   0.59007064  0.40976342  0.50103480
   0.50007998  0.49832239  0.73008197
Direct configuration=    58
   0.74538747  0.62166380  0.50103998
   0.62495662  0.74491513  0.49999577
   0.24977732  0.62990882  0.49918002
   0.36981823  0.74940398  0.50653912
   0.25487797  0.37408235  0.49923749
   0.37708405  0.25382252  0.50104974
   0.74931832  0.36920874  0.49951227
   0.62897693  0.25067724  0.50587805
   0.68846035  0.49568996  0.59893018
   0.31034156  0.50252975  0.59777718
   0.49883218  0.68815140  0.59826904
   0.50039508  0.31227769  0.59829599
   0.67608952  0.66956118  0.61952555
   0.32435044  0.68119575  0.61965301
   0.32486710  0.32822930  0.61897529
   0.67504521  0.31795919  0.61932248
   0.68984924  0.49650227  0.40250535
   0.30929310  0.50270738  0.40269103
   0.49622223  0.69158147  0.40684856
   0.50431072  0.30962045  0.40516849
   0.66947783  0.67297121  0.37640219
   0.31803197  0.67509523  0.38200924
   0.33109072  0.32750153  0.37523957
   0.68064910  0.32339387  0.38230229
   0.58718289  0.58649788  0.69457115
   0.41391057  0.58579925  0.69429740
   0.41163051  0.41358473  0.69506642
   0.58556768  0.41365510  0.69489757
   0.58711030  0.59265702  0.30857144
   0.40703497  0.59020523  0.31136216
   0.41341906  0.41016828  0.30841281
   0.59378214  0.41404228  0.31166734
   0.49930781  0.49983097  0.59868293
   0.41231302  0.41280925  0.49969870
   0.40877651  0.59032627  0.50126569
   0.49966785  0.50138150  0.39691687
   0.58753057  0.58717730  0.50074952
   0.59016696  0.40972638  0.50113339
   0.50009591  0.49848838  0.73035874
Direct configuration=    59
   0.74539212  0.62163577  0.50102965
   0.62495517  0.74496185  0.50000688
   0.24980332  0.62988258  0.49920592
   0.36984731  0.74937432  0.50660528
   0.25496366  0.37406155  0.49925420
   0.37705786  0.25388018  0.50107281
   0.74929708  0.36921804  0.49956187
   0.62897723  0.25067888  0.50586469
   0.68850179  0.49563320  0.59892175
   0.31032010  0.50253073  0.59781500
   0.49872797  0.68818729  0.59823106
   0.50042377  0.31231242  0.59829961
   0.67611884  0.66960412  0.61945153
   0.32430999  0.68125544  0.61970879
   0.32482586  0.32821666  0.61907692
   0.67510383  0.31790685  0.61944411
   0.68984503  0.49647422  0.40249146
   0.30927952  0.50271212  0.40269616
   0.49626491  0.69157938  0.40691529
   0.50431600  0.30959603  0.40512898
   0.66955592  0.67301805  0.37638484
   0.31794607  0.67516244  0.38195534
   0.33108553  0.32749766  0.37518078
   0.68069196  0.32329156  0.38226400
   0.58725043  0.58657470  0.69457221
   0.41390447  0.58581944  0.69421244
   0.41155632  0.41349898  0.69507944
   0.58559094  0.41367629  0.69483355
   0.58711499  0.59268568  0.30867895
   0.40703950  0.59021139  0.31135154
   0.41348222  0.41017515  0.30843596
   0.59379474  0.41408649  0.31167585
   0.49927964  0.49985750  0.59856918
   0.41234884  0.41285160  0.49964889
   0.40877643  0.59027480  0.50124907
   0.49958422  0.50136772  0.39700340
   0.58743359  0.58706867  0.50073086
   0.59014121  0.40973629  0.50110703
   0.50009165  0.49844399  0.73028472
Direct configuration=    60
   0.74557164  0.62189027  0.50112537
   0.62504030  0.74504696  0.50002605
   0.24974835  0.62990027  0.49913956
   0.36980953  0.74941547  0.50643164
   0.25472053  0.37407029  0.49921011
   0.37706621  0.25368643  0.50096639
   0.74934163  0.36925115  0.49939341
   0.62893802  0.25064710  0.50586723
   0.68845676  0.49584724  0.59887544
   0.31033750  0.50250321  0.59769668
   0.49907618  0.68815379  0.59832576
   0.50027449  0.31214166  0.59831833
   0.67619076  0.66957931  0.61970787
   0.32450102  0.68101707  0.61971625
   0.32480550  0.32816218  0.61888728
   0.67489304  0.31808246  0.61935022
   0.68998317  0.49668395  0.40263303
   0.30926701  0.50259465  0.40275436
   0.49617035  0.69162529  0.40667301
   0.50421391  0.30962595  0.40526713
   0.66942534  0.67303127  0.37629918
   0.31819498  0.67507141  0.38186419
   0.33100368  0.32741528  0.37526598
   0.68062164  0.32363403  0.38215508
   0.58709855  0.58636334  0.69458618
   0.41378277  0.58590507  0.69448417
   0.41166635  0.41359197  0.69499593
   0.58561516  0.41342575  0.69505933
   0.58721352  0.59260713  0.30840185
   0.40700583  0.59019462  0.31144355
   0.41315410  0.41010035  0.30843960
   0.59378854  0.41383833  0.31170918
   0.49941918  0.49989271  0.59841913
   0.41242829  0.41299572  0.49970104
   0.40916207  0.59009351  0.50131407
   0.49971197  0.50130817  0.39688969
   0.58728725  0.58695727  0.50077047
   0.58991092  0.41003331  0.50115685
   0.50010396  0.49861604  0.73067944
