    0           4.50718600           828.836098                    0 
    1           4.00886900           825.512964             -3.32313 
    2           2.80634900           819.155043             -9.68105 
    3           6.31802600           816.194710             -12.6414 
    4           1.64424200           813.600922             -15.2352 
    5           0.99976600           813.545619             -15.2905 
    6           0.63709200           813.294126              -15.542 
    7           0.33333400           813.094452             -15.7416 
    8           0.37853200           813.086105               -15.75 
    9           0.32621800           813.023873             -15.8122 
   10           0.92222700           812.957965             -15.8781 
   11           0.88776700           812.918114              -15.918 
   12           0.81988900           812.814624             -16.0215 
   13           0.84281200           812.698035             -16.1381 
   14           0.72501400           812.518533             -16.3176 
   15           1.07441900           812.302672             -16.5334 
   16           0.57248600           812.111285             -16.7248 
   17           0.53556200           812.049718             -16.7864 
   18           0.71696700           812.029518             -16.8066 
   19           0.63105200           812.017980             -16.8181 
   20           0.55597500           811.847985             -16.9881 
   21           0.58513100           811.741446             -17.0947 
   22           1.41009400           811.705356             -17.1307 
   23           1.03640200           811.685664             -17.1504 
   24           1.06149400           811.574603             -17.2615 
   25           1.10847400           811.258185             -17.5779 
   26           1.36276700           811.011053              -17.825 
   27           0.88629900           810.642244             -18.1939 
   28           1.02313300           810.390163             -18.4459 
   29           0.85747100           810.032588             -18.8035 
   30           0.88080600           809.875835             -18.9603 
   31           0.65127300           809.462477             -19.3736 
   32           0.85014800           809.308903             -19.5272 
   33           1.07875000           809.290401             -19.5457 
   34           0.64502000           808.962200             -19.8739 
   35           0.69791800           808.888419             -19.9477 
   36           1.39315400           808.916561             -19.9195 
   37           0.94425600           808.867797             -19.9683 
   38           0.44895900           808.562478             -20.2736 
   39           0.63201600           808.462896             -20.3732 
   40           1.28018800           808.565871             -20.2702 
   41           0.71895400           808.442619             -20.3935 
   42           0.45314100           808.199241             -20.6369 
   43           0.53116100           808.183214             -20.6529 
   44           0.39044000           808.045688             -20.7904 
   45           0.48361100           808.037498             -20.7986 
   46           0.28500600           807.963714             -20.8724 
   47           0.39011000           807.960779             -20.8753 
   48           0.17490200           807.920354             -20.9157 
   49           0.19520500           807.917904             -20.9182 
   50           0.12569900           807.896106               -20.94 
   51           0.15147800           807.893601             -20.9425 
   52           0.23230100           807.893507             -20.9426 
   53           0.17525500           807.892054              -20.944 
   54           0.12092000           807.872154             -20.9639 
   55           0.14277000           807.867518             -20.9686 
   56           0.18667800           807.853532             -20.9826 
   57           0.20553200           807.852743             -20.9834 
   58           0.14553400           807.841672             -20.9944 
   59           0.15420700           807.841417             -20.9947 
   60           0.07387000           807.832721             -21.0034 
   61           0.07880300           807.831843             -21.0043 
   62           0.05793100           807.823762             -21.0123 
   63           0.17582800           807.815171             -21.0209 
   64           0.14322600           807.815356             -21.0207 
   65           0.15964700           807.814509             -21.0216 
   66           0.15452700           807.811544             -21.0246 
   67           0.14405000           807.804288             -21.0318 
   68           0.14351500           807.794117              -21.042 
   69           0.10101900           807.786103               -21.05 
   70           0.09387100           807.783950             -21.0521 
   71           0.09874500           807.780723             -21.0554 
   72           0.18520800           807.777312             -21.0588 
   73           0.10312700           807.767877             -21.0682 
   74           0.09930600           807.766643             -21.0695 
   75           0.09571900           807.764665             -21.0714 
   76           0.19752500           807.762483             -21.0736 
   77           0.12038600           807.762442             -21.0737 
   78           0.15212500           807.761594             -21.0745 
   79           0.06171000           807.754199             -21.0819 
   80           0.06832000           807.753349             -21.0827 
   81           0.10159800           807.751991             -21.0841 
   82           0.05160200           807.746672             -21.0894 
   83           0.06022700           807.745653             -21.0904 
   84           0.08609900           807.744124              -21.092 
   85           0.14890600           807.742142              -21.094 
   86           0.05388000           807.738412             -21.0977 
   87           0.05720000           807.737804             -21.0983 
   88           0.05763200           807.736780             -21.0993 
   89           0.03286700           807.734870             -21.1012 
   90           0.02678900           807.734569             -21.1015 
   91           0.03096900           807.734192             -21.1019 
   92           0.03051000           807.732620             -21.1035 
   93           0.05103100           807.725287             -21.1108 
   94           0.05068000           807.714983             -21.1211 
   95           0.07658800           807.707326             -21.1288 
   96           0.06767900           807.706410             -21.1297 
   97           0.06934600           807.705231             -21.1309 
   98           0.06963100           807.704993             -21.1311 
   99           0.06951500           807.704745             -21.1314 
  100           0.06858100           807.704441             -21.1317 
  101           0.07023400           807.703841             -21.1323 
  102           0.07140800           807.702872             -21.1332 
  103           0.07110600           807.701438             -21.1347 
  104           0.09249000           807.699701             -21.1364 
  105           0.06894000           807.697419             -21.1387 
  106           0.07254100           807.694903             -21.1412 
  107           0.10154700           807.694206             -21.1419 
  108           0.03652800           807.692014             -21.1441 
  109           0.03950100           807.691835             -21.1443 
  110           0.04078200           807.691570             -21.1445 
  111           0.02495400           807.690501             -21.1456 
  112           0.02404200           807.690307             -21.1458 
  113           0.02433000           807.690147              -21.146 
  114           0.03236500           807.689801             -21.1463 
  115           0.05758500           807.689398             -21.1467 
  116           0.03631700           807.689243             -21.1469 
  117           0.05416600           807.689180             -21.1469 
  118           0.03579100           807.688396             -21.1477 
  119           0.03637800           807.686735             -21.1494 
  120           0.06066800           807.686187             -21.1499 
  121           0.04682800           807.686200             -21.1499 
  122           0.05728200           807.685938             -21.1502 
  123           0.03659700           807.685110              -21.151 
  124           0.02580300           807.684435             -21.1517 
  125           0.03040200           807.683407             -21.1527 
  126           0.03541600           807.683516             -21.1526 
  127           0.02890200           807.683105              -21.153 
  128           0.01889400           807.682526             -21.1536 
  129           0.02522500           807.681870             -21.1542 
  130           0.05471300           807.680978             -21.1551 
  131           0.01751200           807.680396             -21.1557 
  132           0.07728500           807.679674             -21.1564 
  133           0.04491700           807.679522             -21.1566 
  134           0.06983600           807.679395             -21.1567 
  135           0.05744300           807.679041             -21.1571 
  136           0.05607400           807.678815             -21.1573 
  137           0.05290900           807.678413             -21.1577 
  138           0.04283500           807.677711             -21.1584 
  139           0.03258700           807.676634             -21.1595 
  140           0.06267200           807.675289             -21.1608 
  141           0.04100500           807.675534             -21.1606 
  142           0.05807800           807.674981             -21.1611 
  143           0.04572800           807.674975             -21.1611 
  144           0.05484600           807.674739             -21.1614 
  145           0.04782000           807.673989             -21.1621 
  146           0.04054700           807.673313             -21.1628 
  147           0.03853600           807.672141              -21.164 
  148           0.04762100           807.670162             -21.1659 
  149           0.03489400           807.668816             -21.1673 
  150           0.03175500           807.668569             -21.1675 
  151           0.04593500           807.668237             -21.1679 
  152           0.06940900           807.667799             -21.1683 
  153           0.07676600           807.667613             -21.1685 
  154           0.09640400           807.667319             -21.1688 
  155           0.02503600           807.665679             -21.1704 
  156           0.26939200           807.664961             -21.1711 
  157           0.08657700           807.664574             -21.1715 
  158           0.17600200           807.664287             -21.1718 
  159           0.13762400           807.664251             -21.1718 
  160           0.15449500           807.664165             -21.1719 
  161           0.14296700           807.664097              -21.172 
  162           0.15202100           807.663886             -21.1722 
  163           0.15088000           807.663761             -21.1723 
  164           0.15608500           807.663786             -21.1723 
  165           0.10894300           807.663447             -21.1727 
  166           0.02810100           807.662925             -21.1732 
  167           0.03269400           807.662848             -21.1732 
  168           0.04672200           807.662844             -21.1733 
  169           0.02941700           807.662696             -21.1734 
  170           0.01930500           807.662343             -21.1738 
  171           0.01946400           807.661897             -21.1742 
  172           0.01793800           807.661684             -21.1744 
  173           0.02054000           807.661375             -21.1747 
  174           0.02677300           807.661277             -21.1748 
  175           0.01865300           807.661129              -21.175 
  176           0.01818500           807.660768             -21.1753 
  177           0.06144900           807.660245             -21.1759 
  178           0.15142000           807.659765             -21.1763 
  179           0.10016600           807.659759             -21.1763 
  180           0.13569800           807.659579             -21.1765 
  181           0.14963300           807.659524             -21.1766 
  182           0.13752800           807.659354             -21.1767 
  183           0.14068900           807.659065              -21.177 
  184           0.14882500           807.658630             -21.1775 
  185           0.11230000           807.658351             -21.1777 
  186           0.05557600           807.657685             -21.1784 
  187           0.05855300           807.656988             -21.1791 
  188           0.04591100           807.656881             -21.1792 
  189           0.03215300           807.656545             -21.1796 
  190           0.03291700           807.656183             -21.1799 
  191           0.02461600           807.655870             -21.1802 
  192           0.03295000           807.655576             -21.1805 
  193           0.07449600           807.655114              -21.181 
  194           0.06113000           807.654898             -21.1812 
  195           0.03465500           807.654253             -21.1818 
  196           0.03952800           807.653471             -21.1826 
  197           0.03040000           807.652987             -21.1831 
  198           0.01699200           807.652048              -21.184 
  199           0.03841900           807.650550             -21.1855 
