   1  32   1   0  0.1280000E+03  0.3000000E+04
  CAR 
 Pt cube particle                        
   0   0   0
   1   1
 256 256 256
 256
  0.1000000E-09
  0.6250000E-11
   1
  0.2100000E-14  0.1600000E-08  0.1600000E-08  0.1600000E-08
  0.1457030E+04  0.1457030E+04
  0.000
  0.000
  0.000
  0.000
  0.000
  0.000
  0.000
  0.000
  0.000
  0.000
  0.000
  0.000
  0.000
  0.000
  0.000
  0.000
  0.000
  0.000
  0.000
  0.000
  0.000
  0.000
  0.000
  0.000
  0.000
  0.000
  0.000
  0.000
  0.000
  0.000
  0.000
  0.000
  0.000
  0.000
  0.013
  0.135
  0.585
  1.900
  4.110
  7.836
 13.032
 16.716
 17.765
 15.566
 12.947
 13.127
  9.923
  7.534
  5.446
  4.443
  3.370
  2.682
  2.545
  2.403
  2.295
  2.301
  1.955
  1.763
  2.198
  2.178
  2.138
  2.300
  2.251
  2.388
  2.676
  2.262
  2.087
  2.369
  2.217
  2.332
  2.589
  2.929
  3.240
  3.585
  3.622
  3.818
  3.910
  3.660
  3.771
  3.345
  3.326
  2.711
  3.070
  3.062
  2.420
  2.074
  1.967
  1.832
  1.761
  1.681
  1.601
  1.567
  1.596
  1.463
  1.457
  1.476
  1.256
  1.410
  1.268
  1.412
  1.679
  1.563
  1.317
  1.080
  0.919
  0.903
  0.902
  1.041
  1.134
  1.236
  1.143
  1.097
  1.053
  0.997
  0.949
  1.108
  1.023
  1.124
  1.203
  1.039
  0.824
  0.673
  0.529
  0.434
  0.345
  0.310
  0.307
  0.308
  0.297
  0.194
  0.144
  0.133
  0.123
  0.151
  0.177
  0.183
  0.134
  0.100
  0.099
  0.106
  0.102
  0.099
  0.111
  0.082
  0.095
  0.076
  0.077
  0.101
  0.133
  0.135
  0.116
  0.147
  0.161
  0.148
  0.147
  0.168
  0.232
  0.256
  0.300
  0.342
  0.368
  0.428
  0.502
  0.601
  0.529
  0.513
  0.493
  0.454
  0.434
  0.421
  0.424
  0.483
  0.500
  0.522
  0.504
  0.538
  0.505
  0.487
  0.432
  0.427
  0.391
  0.376
  0.349
  0.334
  0.416
  0.504
  0.520
  0.510
  0.526
  0.585
  0.606
  0.707
  0.802
  0.858
  0.844
  0.936
  1.017
  1.091
  1.055
  0.993
  1.017
  0.962
  0.864
  0.814
  0.719
  0.653
  0.601
  0.591
  0.637
  0.648
  0.639
  0.626
  0.619
  0.560
  0.572
  0.604
  0.635
  0.687
  0.714
  0.743
  0.852
  0.851
  0.915
  1.061
  1.142
  1.213
  1.260
  1.262
  1.269
  1.311
  1.240
  1.176
  1.158
  1.081
  1.104
  1.093
  0.991
  0.893
  0.853
  0.787
  0.708
  0.668
  0.613
  0.625
  0.593
  0.649
  0.652
  0.648
  0.667
  0.720
  0.751
  0.850
  0.934
  0.937
  0.998
  1.076
